-10.0 -10.0 0.0 
-10.0 -9.230769 3.846154 
-9.230769 -10.0 3.846154 
-9.230769 -9.230769 5.439283 
-9.230769 -10.0 3.846154 
-9.230769 -9.230769 5.439283 
-8.461538 -10.0 5.3293877 
-8.461538 -9.230769 6.5723114 
-8.461538 -10.0 5.3293877 
-8.461538 -9.230769 6.5723114 
-7.6923075 -10.0 6.3897104 
-7.6923075 -9.230769 7.4579687 
-7.6923075 -10.0 6.3897104 
-7.6923075 -9.230769 7.4579687 
-6.9230766 -10.0 7.216025 
-6.9230766 -9.230769 8.177035 
-6.9230766 -10.0 7.216025 
-6.9230766 -9.230769 8.177035 
-6.153846 -10.0 7.8822703 
-6.153846 -9.230769 8.770581 
-6.153846 -10.0 7.8822703 
-6.153846 -9.230769 8.770581 
-5.384615 -10.0 8.426501 
-5.384615 -9.230769 9.262765 
-5.384615 -10.0 8.426501 
-5.384615 -9.230769 9.262765 
-4.615384 -10.0 8.871202 
-4.615384 -9.230769 9.669081 
-4.615384 -10.0 8.871202 
-4.615384 -9.230769 9.669081 
-3.8461533 -10.0 9.230769 
-3.8461533 -9.230769 10.0 
-3.8461533 -10.0 9.230769 
-3.8461533 -9.230769 10.0 
-3.0769224 -10.0 9.514859 
-3.0769224 -9.230769 10.262818 
-3.0769224 -10.0 9.514859 
-3.0769224 -9.230769 10.262818 
-2.3076916 -10.0 9.730085 
-2.3076916 -9.230769 10.46267 
-2.3076916 -10.0 9.730085 
-2.3076916 -9.230769 10.46267 
-1.5384607 -10.0 9.880948 
-1.5384607 -9.230769 10.603114 
-1.5384607 -10.0 9.880948 
-1.5384607 -9.230769 10.603114 
-0.76922995 -10.0 9.97037 
-0.76922995 -9.230769 10.686495 
-0.76922995 -10.0 9.97037 
-0.76922995 -9.230769 10.686495 
8.34465E-7 -10.0 10.0 
8.34465E-7 -9.230769 10.714145 
8.34465E-7 -10.0 10.0 
8.34465E-7 -9.230769 10.714145 
0.7692316 -10.0 9.97037 
0.7692316 -9.230769 10.686495 
0.7692316 -10.0 9.97037 
0.7692316 -9.230769 10.686495 
1.5384624 -10.0 9.880948 
1.5384624 -9.230769 10.603114 
1.5384624 -10.0 9.880948 
1.5384624 -9.230769 10.603114 
2.3076932 -10.0 9.730084 
2.3076932 -9.230769 10.462669 
2.3076932 -10.0 9.730084 
2.3076932 -9.230769 10.462669 
3.076924 -10.0 9.514858 
3.076924 -9.230769 10.262818 
3.076924 -10.0 9.514858 
3.076924 -9.230769 10.262818 
3.846155 -10.0 9.230769 
3.846155 -9.230769 10.0 
3.846155 -10.0 9.230769 
3.846155 -9.230769 10.0 
4.6153855 -10.0 8.8712015 
4.6153855 -9.230769 9.66908 
4.6153855 -10.0 8.8712015 
4.6153855 -9.230769 9.66908 
5.3846164 -10.0 8.4265 
5.3846164 -9.230769 9.262764 
5.3846164 -10.0 8.4265 
5.3846164 -9.230769 9.262764 
6.153847 -10.0 7.8822684 
6.153847 -9.230769 8.770579 
6.153847 -10.0 7.8822684 
6.153847 -9.230769 8.770579 
6.923078 -10.0 7.2160225 
6.923078 -9.230769 8.177034 
6.923078 -10.0 7.2160225 
6.923078 -9.230769 8.177034 
7.692309 -10.0 6.3897095 
7.692309 -9.230769 7.4579678 
7.692309 -10.0 6.3897095 
7.692309 -9.230769 7.4579678 
8.461539 -10.0 5.329385 
8.461539 -9.230769 6.572309 
8.461539 -10.0 5.329385 
8.461539 -9.230769 6.572309 
9.23077 -10.0 3.846152 
9.23077 -9.230769 5.4392815 
9.23077 -10.0 3.846152 
9.23077 -9.230769 5.4392815 
null
null
-10.0 -9.230769 3.846154 
-10.0 -8.461538 5.329387 
-9.230769 -9.230769 5.439283 
-9.230769 -8.461538 6.5723104 
-9.230769 -9.230769 5.439283 
-9.230769 -8.461538 6.5723104 
-8.461538 -9.230769 6.5723114 
-8.461538 -8.461538 7.536892 
-8.461538 -9.230769 6.5723114 
-8.461538 -8.461538 7.536892 
-7.6923075 -9.230769 7.4579687 
-7.6923075 -8.461538 8.320503 
-7.6923075 -9.230769 7.4579687 
-7.6923075 -8.461538 8.320503 
-6.9230766 -9.230769 8.177035 
-6.9230766 -8.461538 8.9706955 
-6.9230766 -9.230769 8.177035 
-6.9230766 -8.461538 8.9706955 
-6.153846 -9.230769 8.770581 
-6.153846 -8.461538 9.514859 
-6.153846 -9.230769 8.770581 
-6.153846 -8.461538 9.514859 
-5.384615 -9.230769 9.262765 
-5.384615 -8.461538 9.97037 
-5.384615 -9.230769 9.262765 
-5.384615 -8.461538 9.97037 
-4.615384 -9.230769 9.669081 
-4.615384 -8.461538 10.348942 
-4.615384 -9.230769 9.669081 
-4.615384 -8.461538 10.348942 
-3.8461533 -9.230769 10.0 
-3.8461533 -8.461538 10.658774 
-3.8461533 -9.230769 10.0 
-3.8461533 -8.461538 10.658774 
-3.0769224 -9.230769 10.262818 
-3.0769224 -8.461538 10.905728 
-3.0769224 -9.230769 10.262818 
-3.0769224 -8.461538 10.905728 
-2.3076916 -9.230769 10.46267 
-2.3076916 -8.461538 11.094004 
-2.3076916 -9.230769 10.46267 
-2.3076916 -8.461538 11.094004 
-1.5384607 -9.230769 10.603114 
-1.5384607 -8.461538 11.226553 
-1.5384607 -9.230769 10.603114 
-1.5384607 -8.461538 11.226553 
-0.76922995 -9.230769 10.686495 
-0.76922995 -8.461538 11.305337 
-0.76922995 -9.230769 10.686495 
-0.76922995 -8.461538 11.305337 
8.34465E-7 -9.230769 10.714145 
8.34465E-7 -8.461538 11.331477 
8.34465E-7 -9.230769 10.714145 
8.34465E-7 -8.461538 11.331477 
0.7692316 -9.230769 10.686495 
0.7692316 -8.461538 11.305337 
0.7692316 -9.230769 10.686495 
0.7692316 -8.461538 11.305337 
1.5384624 -9.230769 10.603114 
1.5384624 -8.461538 11.226553 
1.5384624 -9.230769 10.603114 
1.5384624 -8.461538 11.226553 
2.3076932 -9.230769 10.462669 
2.3076932 -8.461538 11.094004 
2.3076932 -9.230769 10.462669 
2.3076932 -8.461538 11.094004 
3.076924 -9.230769 10.262818 
3.076924 -8.461538 10.905727 
3.076924 -9.230769 10.262818 
3.076924 -8.461538 10.905727 
3.846155 -9.230769 10.0 
3.846155 -8.461538 10.658773 
3.846155 -9.230769 10.0 
3.846155 -8.461538 10.658773 
4.6153855 -9.230769 9.66908 
4.6153855 -8.461538 10.348941 
4.6153855 -9.230769 9.66908 
4.6153855 -8.461538 10.348941 
5.3846164 -9.230769 9.262764 
5.3846164 -8.461538 9.970369 
5.3846164 -9.230769 9.262764 
5.3846164 -8.461538 9.970369 
6.153847 -9.230769 8.770579 
6.153847 -8.461538 9.514858 
6.153847 -9.230769 8.770579 
6.153847 -8.461538 9.514858 
6.923078 -9.230769 8.177034 
6.923078 -8.461538 8.970694 
6.923078 -9.230769 8.177034 
6.923078 -8.461538 8.970694 
7.692309 -9.230769 7.4579678 
7.692309 -8.461538 8.320502 
7.692309 -9.230769 7.4579678 
7.692309 -8.461538 8.320502 
8.461539 -9.230769 6.572309 
8.461539 -8.461538 7.53689 
8.461539 -9.230769 6.572309 
8.461539 -8.461538 7.53689 
9.23077 -9.230769 5.4392815 
9.23077 -8.461538 6.5723095 
9.23077 -9.230769 5.4392815 
9.23077 -8.461538 6.5723095 
null
null
-10.0 -8.461538 5.329387 
-10.0 -7.6923075 6.389711 
-9.230769 -8.461538 6.5723104 
-9.230769 -7.6923075 7.457969 
-9.230769 -8.461538 6.5723104 
-9.230769 -7.6923075 7.457969 
-8.461538 -8.461538 7.536892 
-8.461538 -7.6923075 8.320503 
-8.461538 -8.461538 7.536892 
-8.461538 -7.6923075 8.320503 
-7.6923075 -8.461538 8.320503 
-7.6923075 -7.6923075 9.036416 
-7.6923075 -8.461538 8.320503 
-7.6923075 -7.6923075 9.036416 
-6.9230766 -8.461538 8.9706955 
-6.9230766 -7.6923075 9.638434 
-6.9230766 -8.461538 8.9706955 
-6.9230766 -7.6923075 9.638434 
-6.153846 -8.461538 9.514859 
-6.153846 -7.6923075 10.146852 
-6.153846 -8.461538 9.514859 
-6.153846 -7.6923075 10.146852 
-5.384615 -8.461538 9.97037 
-5.384615 -7.6923075 10.575175 
-5.384615 -8.461538 9.97037 
-5.384615 -7.6923075 10.575175 
-4.615384 -8.461538 10.348942 
-4.615384 -7.6923075 10.932824 
-4.615384 -8.461538 10.348942 
-4.615384 -7.6923075 10.932824 
-3.8461533 -8.461538 10.658774 
-3.8461533 -7.6923075 11.226554 
-3.8461533 -8.461538 10.658774 
-3.8461533 -7.6923075 11.226554 
-3.0769224 -8.461538 10.905728 
-3.0769224 -7.6923075 11.461281 
-3.0769224 -8.461538 10.905728 
-3.0769224 -7.6923075 11.461281 
-2.3076916 -8.461538 11.094004 
-2.3076916 -7.6923075 11.6405735 
-2.3076916 -8.461538 11.094004 
-2.3076916 -7.6923075 11.6405735 
-1.5384607 -8.461538 11.226553 
-1.5384607 -7.6923075 11.766969 
-1.5384607 -8.461538 11.226553 
-1.5384607 -7.6923075 11.766969 
-0.76922995 -8.461538 11.305337 
-0.76922995 -7.6923075 11.842157 
-0.76922995 -8.461538 11.305337 
-0.76922995 -7.6923075 11.842157 
8.34465E-7 -8.461538 11.331477 
8.34465E-7 -7.6923075 11.867114 
8.34465E-7 -8.461538 11.331477 
8.34465E-7 -7.6923075 11.867114 
0.7692316 -8.461538 11.305337 
0.7692316 -7.6923075 11.842157 
0.7692316 -8.461538 11.305337 
0.7692316 -7.6923075 11.842157 
1.5384624 -8.461538 11.226553 
1.5384624 -7.6923075 11.766969 
1.5384624 -8.461538 11.226553 
1.5384624 -7.6923075 11.766969 
2.3076932 -8.461538 11.094004 
2.3076932 -7.6923075 11.6405735 
2.3076932 -8.461538 11.094004 
2.3076932 -7.6923075 11.6405735 
3.076924 -8.461538 10.905727 
3.076924 -7.6923075 11.46128 
3.076924 -8.461538 10.905727 
3.076924 -7.6923075 11.46128 
3.846155 -8.461538 10.658773 
3.846155 -7.6923075 11.226553 
3.846155 -8.461538 10.658773 
3.846155 -7.6923075 11.226553 
4.6153855 -8.461538 10.348941 
4.6153855 -7.6923075 10.932823 
4.6153855 -8.461538 10.348941 
4.6153855 -7.6923075 10.932823 
5.3846164 -8.461538 9.970369 
5.3846164 -7.6923075 10.575174 
5.3846164 -8.461538 9.970369 
5.3846164 -7.6923075 10.575174 
6.153847 -8.461538 9.514858 
6.153847 -7.6923075 10.14685 
6.153847 -8.461538 9.514858 
6.153847 -7.6923075 10.14685 
6.923078 -8.461538 8.970694 
6.923078 -7.6923075 9.638433 
6.923078 -8.461538 8.970694 
6.923078 -7.6923075 9.638433 
7.692309 -8.461538 8.320502 
7.692309 -7.6923075 9.036415 
7.692309 -8.461538 8.320502 
7.692309 -7.6923075 9.036415 
8.461539 -8.461538 7.53689 
8.461539 -7.6923075 8.320502 
8.461539 -8.461538 7.53689 
8.461539 -7.6923075 8.320502 
9.23077 -8.461538 6.5723095 
9.23077 -7.6923075 7.457968 
9.23077 -8.461538 6.5723095 
9.23077 -7.6923075 7.457968 
null
null
-10.0 -7.6923075 6.389711 
-10.0 -6.9230766 7.2160244 
-9.230769 -7.6923075 7.457969 
-9.230769 -6.9230766 8.177035 
-9.230769 -7.6923075 7.457969 
-9.230769 -6.9230766 8.177035 
-8.461538 -7.6923075 8.320503 
-8.461538 -6.9230766 8.970696 
-8.461538 -7.6923075 8.320503 
-8.461538 -6.9230766 8.970696 
-7.6923075 -7.6923075 9.036416 
-7.6923075 -6.9230766 9.638434 
-7.6923075 -7.6923075 9.036416 
-7.6923075 -6.9230766 9.638434 
-6.9230766 -7.6923075 9.638434 
-6.9230766 -6.9230766 10.205 
-6.9230766 -7.6923075 9.638434 
-6.9230766 -6.9230766 10.205 
-6.153846 -7.6923075 10.146852 
-6.153846 -6.9230766 10.686497 
-6.153846 -7.6923075 10.146852 
-6.153846 -6.9230766 10.686497 
-5.384615 -7.6923075 10.575175 
-5.384615 -6.9230766 11.094005 
-5.384615 -7.6923075 10.575175 
-5.384615 -6.9230766 11.094005 
-4.615384 -7.6923075 10.932824 
-4.615384 -6.9230766 11.435438 
-4.615384 -7.6923075 10.932824 
-4.615384 -6.9230766 11.435438 
-3.8461533 -7.6923075 11.226554 
-3.8461533 -6.9230766 11.716575 
-3.8461533 -7.6923075 11.226554 
-3.8461533 -6.9230766 11.716575 
-3.0769224 -7.6923075 11.461281 
-3.0769224 -6.9230766 11.941673 
-3.0769224 -7.6923075 11.461281 
-3.0769224 -6.9230766 11.941673 
-2.3076916 -7.6923075 11.6405735 
-2.3076916 -6.9230766 12.113859 
-2.3076916 -7.6923075 11.6405735 
-2.3076916 -6.9230766 12.113859 
-1.5384607 -7.6923075 11.766969 
-1.5384607 -6.9230766 12.235365 
-1.5384607 -7.6923075 11.766969 
-1.5384607 -6.9230766 12.235365 
-0.76922995 -7.6923075 11.842157 
-0.76922995 -6.9230766 12.307693 
-0.76922995 -7.6923075 11.842157 
-0.76922995 -6.9230766 12.307693 
8.34465E-7 -7.6923075 11.867114 
8.34465E-7 -6.9230766 12.331708 
8.34465E-7 -7.6923075 11.867114 
8.34465E-7 -6.9230766 12.331708 
0.7692316 -7.6923075 11.842157 
0.7692316 -6.9230766 12.307693 
0.7692316 -7.6923075 11.842157 
0.7692316 -6.9230766 12.307693 
1.5384624 -7.6923075 11.766969 
1.5384624 -6.9230766 12.235365 
1.5384624 -7.6923075 11.766969 
1.5384624 -6.9230766 12.235365 
2.3076932 -7.6923075 11.6405735 
2.3076932 -6.9230766 12.113858 
2.3076932 -7.6923075 11.6405735 
2.3076932 -6.9230766 12.113858 
3.076924 -7.6923075 11.46128 
3.076924 -6.9230766 11.941672 
3.076924 -7.6923075 11.46128 
3.076924 -6.9230766 11.941672 
3.846155 -7.6923075 11.226553 
3.846155 -6.9230766 11.716574 
3.846155 -7.6923075 11.226553 
3.846155 -6.9230766 11.716574 
4.6153855 -7.6923075 10.932823 
4.6153855 -6.9230766 11.435437 
4.6153855 -7.6923075 10.932823 
4.6153855 -6.9230766 11.435437 
5.3846164 -7.6923075 10.575174 
5.3846164 -6.9230766 11.094004 
5.3846164 -7.6923075 10.575174 
5.3846164 -6.9230766 11.094004 
6.153847 -7.6923075 10.14685 
6.153847 -6.9230766 10.686495 
6.153847 -7.6923075 10.14685 
6.153847 -6.9230766 10.686495 
6.923078 -7.6923075 9.638433 
6.923078 -6.9230766 10.204999 
6.923078 -7.6923075 9.638433 
6.923078 -6.9230766 10.204999 
7.692309 -7.6923075 9.036415 
7.692309 -6.9230766 9.638433 
7.692309 -7.6923075 9.036415 
7.692309 -6.9230766 9.638433 
8.461539 -7.6923075 8.320502 
8.461539 -6.9230766 8.970695 
8.461539 -7.6923075 8.320502 
8.461539 -6.9230766 8.970695 
9.23077 -7.6923075 7.457968 
9.23077 -6.9230766 8.177034 
9.23077 -7.6923075 7.457968 
9.23077 -6.9230766 8.177034 
null
null
-10.0 -6.9230766 7.2160244 
-10.0 -6.153846 7.88227 
-9.230769 -6.9230766 8.177035 
-9.230769 -6.153846 8.77058 
-9.230769 -6.9230766 8.177035 
-9.230769 -6.153846 8.77058 
-8.461538 -6.9230766 8.970696 
-8.461538 -6.153846 9.514859 
-8.461538 -6.9230766 8.970696 
-8.461538 -6.153846 9.514859 
-7.6923075 -6.9230766 9.638434 
-7.6923075 -6.153846 10.146851 
-7.6923075 -6.9230766 9.638434 
-7.6923075 -6.153846 10.146851 
-6.9230766 -6.9230766 10.205 
-6.9230766 -6.153846 10.686496 
-6.9230766 -6.9230766 10.205 
-6.9230766 -6.153846 10.686496 
-6.153846 -6.9230766 10.686497 
-6.153846 -6.153846 11.147214 
-6.153846 -6.9230766 10.686497 
-6.153846 -6.153846 11.147214 
-5.384615 -6.9230766 11.094005 
-5.384615 -6.153846 11.538462 
-5.384615 -6.9230766 11.094005 
-5.384615 -6.153846 11.538462 
-4.615384 -6.9230766 11.435438 
-4.615384 -6.153846 11.867114 
-4.615384 -6.9230766 11.435438 
-4.615384 -6.153846 11.867114 
-3.8461533 -6.9230766 11.716575 
-3.8461533 -6.153846 12.138257 
-3.8461533 -6.9230766 11.716575 
-3.8461533 -6.153846 12.138257 
-3.0769224 -6.9230766 11.941673 
-3.0769224 -6.153846 12.355676 
-3.0769224 -6.9230766 11.941673 
-3.0769224 -6.153846 12.355676 
-2.3076916 -6.9230766 12.113859 
-2.3076916 -6.153846 12.52217 
-2.3076916 -6.9230766 12.113859 
-2.3076916 -6.153846 12.52217 
-1.5384607 -6.9230766 12.235365 
-1.5384607 -6.153846 12.639751 
-1.5384607 -6.9230766 12.235365 
-1.5384607 -6.153846 12.639751 
-0.76922995 -6.9230766 12.307693 
-0.76922995 -6.153846 12.709778 
-0.76922995 -6.9230766 12.307693 
-0.76922995 -6.153846 12.709778 
8.34465E-7 -6.9230766 12.331708 
8.34465E-7 -6.153846 12.733035 
8.34465E-7 -6.9230766 12.331708 
8.34465E-7 -6.153846 12.733035 
0.7692316 -6.9230766 12.307693 
0.7692316 -6.153846 12.709778 
0.7692316 -6.9230766 12.307693 
0.7692316 -6.153846 12.709778 
1.5384624 -6.9230766 12.235365 
1.5384624 -6.153846 12.639751 
1.5384624 -6.9230766 12.235365 
1.5384624 -6.153846 12.639751 
2.3076932 -6.9230766 12.113858 
2.3076932 -6.153846 12.522169 
2.3076932 -6.9230766 12.113858 
2.3076932 -6.153846 12.522169 
3.076924 -6.9230766 11.941672 
3.076924 -6.153846 12.355676 
3.076924 -6.9230766 11.941672 
3.076924 -6.153846 12.355676 
3.846155 -6.9230766 11.716574 
3.846155 -6.153846 12.138257 
3.846155 -6.9230766 11.716574 
3.846155 -6.153846 12.138257 
4.6153855 -6.9230766 11.435437 
4.6153855 -6.153846 11.867114 
4.6153855 -6.9230766 11.435437 
4.6153855 -6.153846 11.867114 
5.3846164 -6.9230766 11.094004 
5.3846164 -6.153846 11.538461 
5.3846164 -6.9230766 11.094004 
5.3846164 -6.153846 11.538461 
6.153847 -6.9230766 10.686495 
6.153847 -6.153846 11.147212 
6.153847 -6.9230766 10.686495 
6.153847 -6.153846 11.147212 
6.923078 -6.9230766 10.204999 
6.923078 -6.153846 10.686495 
6.923078 -6.9230766 10.204999 
6.923078 -6.153846 10.686495 
7.692309 -6.9230766 9.638433 
7.692309 -6.153846 10.14685 
7.692309 -6.9230766 9.638433 
7.692309 -6.153846 10.14685 
8.461539 -6.9230766 8.970695 
8.461539 -6.153846 9.514858 
8.461539 -6.9230766 8.970695 
8.461539 -6.153846 9.514858 
9.23077 -6.9230766 8.177034 
9.23077 -6.153846 8.770579 
9.23077 -6.9230766 8.177034 
9.23077 -6.153846 8.770579 
null
null
-10.0 -6.153846 7.88227 
-10.0 -5.384615 8.426501 
-9.230769 -6.153846 8.77058 
-9.230769 -5.384615 9.262765 
-9.230769 -6.153846 8.77058 
-9.230769 -5.384615 9.262765 
-8.461538 -6.153846 9.514859 
-8.461538 -5.384615 9.970371 
-8.461538 -6.153846 9.514859 
-8.461538 -5.384615 9.970371 
-7.6923075 -6.153846 10.146851 
-7.6923075 -5.384615 10.575174 
-7.6923075 -6.153846 10.146851 
-7.6923075 -5.384615 10.575174 
-6.9230766 -6.153846 10.686496 
-6.9230766 -5.384615 11.094005 
-6.9230766 -6.153846 10.686496 
-6.9230766 -5.384615 11.094005 
-6.153846 -6.153846 11.147214 
-6.153846 -5.384615 11.538462 
-6.153846 -6.153846 11.147214 
-6.153846 -5.384615 11.538462 
-5.384615 -6.153846 11.538462 
-5.384615 -5.384615 11.916872 
-5.384615 -6.153846 11.538462 
-5.384615 -5.384615 11.916872 
-4.615384 -6.153846 11.867114 
-4.615384 -5.384615 12.235365 
-4.615384 -6.153846 11.867114 
-4.615384 -5.384615 12.235365 
-3.8461533 -6.153846 12.138257 
-3.8461533 -5.384615 12.498521 
-3.8461533 -6.153846 12.138257 
-3.8461533 -5.384615 12.498521 
-3.0769224 -6.153846 12.355676 
-3.0769224 -5.384615 12.709779 
-3.0769224 -6.153846 12.355676 
-3.0769224 -5.384615 12.709779 
-2.3076916 -6.153846 12.52217 
-2.3076916 -5.384615 12.871693 
-2.3076916 -6.153846 12.52217 
-2.3076916 -5.384615 12.871693 
-1.5384607 -6.153846 12.639751 
-1.5384607 -5.384615 12.98611 
-1.5384607 -6.153846 12.639751 
-1.5384607 -5.384615 12.98611 
-0.76922995 -6.153846 12.709778 
-0.76922995 -5.384615 13.054279 
-0.76922995 -6.153846 12.709778 
-0.76922995 -5.384615 13.054279 
8.34465E-7 -6.153846 12.733035 
8.34465E-7 -5.384615 13.076923 
8.34465E-7 -6.153846 12.733035 
8.34465E-7 -5.384615 13.076923 
0.7692316 -6.153846 12.709778 
0.7692316 -5.384615 13.054279 
0.7692316 -6.153846 12.709778 
0.7692316 -5.384615 13.054279 
1.5384624 -6.153846 12.639751 
1.5384624 -5.384615 12.98611 
1.5384624 -6.153846 12.639751 
1.5384624 -5.384615 12.98611 
2.3076932 -6.153846 12.522169 
2.3076932 -5.384615 12.871693 
2.3076932 -6.153846 12.522169 
2.3076932 -5.384615 12.871693 
3.076924 -6.153846 12.355676 
3.076924 -5.384615 12.709778 
3.076924 -6.153846 12.355676 
3.076924 -5.384615 12.709778 
3.846155 -6.153846 12.138257 
3.846155 -5.384615 12.498521 
3.846155 -6.153846 12.138257 
3.846155 -5.384615 12.498521 
4.6153855 -6.153846 11.867114 
4.6153855 -5.384615 12.235364 
4.6153855 -6.153846 11.867114 
4.6153855 -5.384615 12.235364 
5.3846164 -6.153846 11.538461 
5.3846164 -5.384615 11.916871 
5.3846164 -6.153846 11.538461 
5.3846164 -5.384615 11.916871 
6.153847 -6.153846 11.147212 
6.153847 -5.384615 11.538461 
6.153847 -6.153846 11.147212 
6.153847 -5.384615 11.538461 
6.923078 -6.153846 10.686495 
6.923078 -5.384615 11.094003 
6.923078 -6.153846 10.686495 
6.923078 -5.384615 11.094003 
7.692309 -6.153846 10.14685 
7.692309 -5.384615 10.575174 
7.692309 -6.153846 10.14685 
7.692309 -5.384615 10.575174 
8.461539 -6.153846 9.514858 
8.461539 -5.384615 9.970369 
8.461539 -6.153846 9.514858 
8.461539 -5.384615 9.970369 
9.23077 -6.153846 8.770579 
9.23077 -5.384615 9.262764 
9.23077 -6.153846 8.770579 
9.23077 -5.384615 9.262764 
null
null
-10.0 -5.384615 8.426501 
-10.0 -4.615384 8.871202 
-9.230769 -5.384615 9.262765 
-9.230769 -4.615384 9.669081 
-9.230769 -5.384615 9.262765 
-9.230769 -4.615384 9.669081 
-8.461538 -5.384615 9.970371 
-8.461538 -4.615384 10.348942 
-8.461538 -5.384615 9.970371 
-8.461538 -4.615384 10.348942 
-7.6923075 -5.384615 10.575174 
-7.6923075 -4.615384 10.932823 
-7.6923075 -5.384615 10.575174 
-7.6923075 -4.615384 10.932823 
-6.9230766 -5.384615 11.094005 
-6.9230766 -4.615384 11.435438 
-6.9230766 -5.384615 11.094005 
-6.9230766 -4.615384 11.435438 
-6.153846 -5.384615 11.538462 
-6.153846 -4.615384 11.867115 
-6.153846 -5.384615 11.538462 
-6.153846 -4.615384 11.867115 
-5.384615 -5.384615 11.916872 
-5.384615 -4.615384 12.235365 
-5.384615 -5.384615 11.916872 
-5.384615 -4.615384 12.235365 
-4.615384 -5.384615 12.235365 
-4.615384 -4.615384 12.545774 
-4.615384 -5.384615 12.235365 
-4.615384 -4.615384 12.545774 
-3.8461533 -5.384615 12.498521 
-3.8461533 -4.615384 12.802552 
-3.8461533 -5.384615 12.498521 
-3.8461533 -4.615384 12.802552 
-3.0769224 -5.384615 12.709779 
-3.0769224 -4.615384 13.008873 
-3.0769224 -5.384615 12.709779 
-3.0769224 -4.615384 13.008873 
-2.3076916 -5.384615 12.871693 
-2.3076916 -4.615384 13.16711 
-2.3076916 -5.384615 12.871693 
-2.3076916 -4.615384 13.16711 
-1.5384607 -5.384615 12.98611 
-1.5384607 -4.615384 13.278982 
-1.5384607 -5.384615 12.98611 
-1.5384607 -4.615384 13.278982 
-0.76922995 -5.384615 13.054279 
-0.76922995 -4.615384 13.3456545 
-0.76922995 -5.384615 13.054279 
-0.76922995 -4.615384 13.3456545 
8.34465E-7 -5.384615 13.076923 
8.34465E-7 -4.615384 13.3678055 
8.34465E-7 -5.384615 13.076923 
8.34465E-7 -4.615384 13.3678055 
0.7692316 -5.384615 13.054279 
0.7692316 -4.615384 13.3456545 
0.7692316 -5.384615 13.054279 
0.7692316 -4.615384 13.3456545 
1.5384624 -5.384615 12.98611 
1.5384624 -4.615384 13.278982 
1.5384624 -5.384615 12.98611 
1.5384624 -4.615384 13.278982 
2.3076932 -5.384615 12.871693 
2.3076932 -4.615384 13.1671095 
2.3076932 -5.384615 12.871693 
2.3076932 -4.615384 13.1671095 
3.076924 -5.384615 12.709778 
3.076924 -4.615384 13.008872 
3.076924 -5.384615 12.709778 
3.076924 -4.615384 13.008872 
3.846155 -5.384615 12.498521 
3.846155 -4.615384 12.802551 
3.846155 -5.384615 12.498521 
3.846155 -4.615384 12.802551 
4.6153855 -5.384615 12.235364 
4.6153855 -4.615384 12.5457735 
4.6153855 -5.384615 12.235364 
4.6153855 -4.615384 12.5457735 
5.3846164 -5.384615 11.916871 
5.3846164 -4.615384 12.235364 
5.3846164 -5.384615 11.916871 
5.3846164 -4.615384 12.235364 
6.153847 -5.384615 11.538461 
6.153847 -4.615384 11.867113 
6.153847 -5.384615 11.538461 
6.153847 -4.615384 11.867113 
6.923078 -5.384615 11.094003 
6.923078 -4.615384 11.435436 
6.923078 -5.384615 11.094003 
6.923078 -4.615384 11.435436 
7.692309 -5.384615 10.575174 
7.692309 -4.615384 10.932822 
7.692309 -5.384615 10.575174 
7.692309 -4.615384 10.932822 
8.461539 -5.384615 9.970369 
8.461539 -4.615384 10.348941 
8.461539 -5.384615 9.970369 
8.461539 -4.615384 10.348941 
9.23077 -5.384615 9.262764 
9.23077 -4.615384 9.66908 
9.23077 -5.384615 9.262764 
9.23077 -4.615384 9.66908 
null
null
-10.0 -4.615384 8.871202 
-10.0 -3.8461533 9.230769 
-9.230769 -4.615384 9.669081 
-9.230769 -3.8461533 10.0 
-9.230769 -4.615384 9.669081 
-9.230769 -3.8461533 10.0 
-8.461538 -4.615384 10.348942 
-8.461538 -3.8461533 10.658775 
-8.461538 -4.615384 10.348942 
-8.461538 -3.8461533 10.658775 
-7.6923075 -4.615384 10.932823 
-7.6923075 -3.8461533 11.226554 
-7.6923075 -4.615384 10.932823 
-7.6923075 -3.8461533 11.226554 
-6.9230766 -4.615384 11.435438 
-6.9230766 -3.8461533 11.716575 
-6.9230766 -4.615384 11.435438 
-6.9230766 -3.8461533 11.716575 
-6.153846 -4.615384 11.867115 
-6.153846 -3.8461533 12.138258 
-6.153846 -4.615384 11.867115 
-6.153846 -3.8461533 12.138258 
-5.384615 -4.615384 12.235365 
-5.384615 -3.8461533 12.498521 
-5.384615 -4.615384 12.235365 
-5.384615 -3.8461533 12.498521 
-4.615384 -4.615384 12.545774 
-4.615384 -3.8461533 12.802552 
-4.615384 -4.615384 12.545774 
-4.615384 -3.8461533 12.802552 
-3.8461533 -4.615384 12.802552 
-3.8461533 -3.8461533 13.054279 
-3.8461533 -4.615384 12.802552 
-3.8461533 -3.8461533 13.054279 
-3.0769224 -4.615384 13.008873 
-3.0769224 -3.8461533 13.256683 
-3.0769224 -4.615384 13.008873 
-3.0769224 -3.8461533 13.256683 
-2.3076916 -4.615384 13.16711 
-2.3076916 -3.8461533 13.411997 
-2.3076916 -4.615384 13.16711 
-2.3076916 -3.8461533 13.411997 
-1.5384607 -4.615384 13.278982 
-1.5384607 -3.8461533 13.521843 
-1.5384607 -4.615384 13.278982 
-1.5384607 -3.8461533 13.521843 
-0.76922995 -4.615384 13.3456545 
-0.76922995 -3.8461533 13.587324 
-0.76922995 -4.615384 13.3456545 
-0.76922995 -3.8461533 13.587324 
8.34465E-7 -4.615384 13.3678055 
8.34465E-7 -3.8461533 13.609082 
8.34465E-7 -4.615384 13.3678055 
8.34465E-7 -3.8461533 13.609082 
0.7692316 -4.615384 13.3456545 
0.7692316 -3.8461533 13.587324 
0.7692316 -4.615384 13.3456545 
0.7692316 -3.8461533 13.587324 
1.5384624 -4.615384 13.278982 
1.5384624 -3.8461533 13.521843 
1.5384624 -4.615384 13.278982 
1.5384624 -3.8461533 13.521843 
2.3076932 -4.615384 13.1671095 
2.3076932 -3.8461533 13.411997 
2.3076932 -4.615384 13.1671095 
2.3076932 -3.8461533 13.411997 
3.076924 -4.615384 13.008872 
3.076924 -3.8461533 13.256682 
3.076924 -4.615384 13.008872 
3.076924 -3.8461533 13.256682 
3.846155 -4.615384 12.802551 
3.846155 -3.8461533 13.054279 
3.846155 -4.615384 12.802551 
3.846155 -3.8461533 13.054279 
4.6153855 -4.615384 12.5457735 
4.6153855 -3.8461533 12.802551 
4.6153855 -4.615384 12.5457735 
4.6153855 -3.8461533 12.802551 
5.3846164 -4.615384 12.235364 
5.3846164 -3.8461533 12.498521 
5.3846164 -4.615384 12.235364 
5.3846164 -3.8461533 12.498521 
6.153847 -4.615384 11.867113 
6.153847 -3.8461533 12.138256 
6.153847 -4.615384 11.867113 
6.153847 -3.8461533 12.138256 
6.923078 -4.615384 11.435436 
6.923078 -3.8461533 11.716574 
6.923078 -4.615384 11.435436 
6.923078 -3.8461533 11.716574 
7.692309 -4.615384 10.932822 
7.692309 -3.8461533 11.226553 
7.692309 -4.615384 10.932822 
7.692309 -3.8461533 11.226553 
8.461539 -4.615384 10.348941 
8.461539 -3.8461533 10.658773 
8.461539 -4.615384 10.348941 
8.461539 -3.8461533 10.658773 
9.23077 -4.615384 9.66908 
9.23077 -3.8461533 10.0 
9.23077 -4.615384 9.66908 
9.23077 -3.8461533 10.0 
null
null
-10.0 -3.8461533 9.230769 
-10.0 -3.0769224 9.514859 
-9.230769 -3.8461533 10.0 
-9.230769 -3.0769224 10.262818 
-9.230769 -3.8461533 10.0 
-9.230769 -3.0769224 10.262818 
-8.461538 -3.8461533 10.658775 
-8.461538 -3.0769224 10.905729 
-8.461538 -3.8461533 10.658775 
-8.461538 -3.0769224 10.905729 
-7.6923075 -3.8461533 11.226554 
-7.6923075 -3.0769224 11.46128 
-7.6923075 -3.8461533 11.226554 
-7.6923075 -3.0769224 11.46128 
-6.9230766 -3.8461533 11.716575 
-6.9230766 -3.0769224 11.941673 
-6.9230766 -3.8461533 11.716575 
-6.9230766 -3.0769224 11.941673 
-6.153846 -3.8461533 12.138258 
-6.153846 -3.0769224 12.355677 
-6.153846 -3.8461533 12.138258 
-6.153846 -3.0769224 12.355677 
-5.384615 -3.8461533 12.498521 
-5.384615 -3.0769224 12.709779 
-5.384615 -3.8461533 12.498521 
-5.384615 -3.0769224 12.709779 
-4.615384 -3.8461533 12.802552 
-4.615384 -3.0769224 13.008873 
-4.615384 -3.8461533 12.802552 
-4.615384 -3.0769224 13.008873 
-3.8461533 -3.8461533 13.054279 
-3.8461533 -3.0769224 13.256683 
-3.8461533 -3.8461533 13.054279 
-3.8461533 -3.0769224 13.256683 
-3.0769224 -3.8461533 13.256683 
-3.0769224 -3.0769224 13.456043 
-3.0769224 -3.8461533 13.256683 
-3.0769224 -3.0769224 13.456043 
-2.3076916 -3.8461533 13.411997 
-2.3076916 -3.0769224 13.609082 
-2.3076916 -3.8461533 13.411997 
-2.3076916 -3.0769224 13.609082 
-1.5384607 -3.8461533 13.521843 
-1.5384607 -3.0769224 13.71735 
-1.5384607 -3.8461533 13.521843 
-1.5384607 -3.0769224 13.71735 
-0.76922995 -3.8461533 13.587324 
-0.76922995 -3.0769224 13.781902 
-0.76922995 -3.8461533 13.587324 
-0.76922995 -3.0769224 13.781902 
8.34465E-7 -3.8461533 13.609082 
8.34465E-7 -3.0769224 13.803352 
8.34465E-7 -3.8461533 13.609082 
8.34465E-7 -3.0769224 13.803352 
0.7692316 -3.8461533 13.587324 
0.7692316 -3.0769224 13.781902 
0.7692316 -3.8461533 13.587324 
0.7692316 -3.0769224 13.781902 
1.5384624 -3.8461533 13.521843 
1.5384624 -3.0769224 13.71735 
1.5384624 -3.8461533 13.521843 
1.5384624 -3.0769224 13.71735 
2.3076932 -3.8461533 13.411997 
2.3076932 -3.0769224 13.609081 
2.3076932 -3.8461533 13.411997 
2.3076932 -3.0769224 13.609081 
3.076924 -3.8461533 13.256682 
3.076924 -3.0769224 13.456042 
3.076924 -3.8461533 13.256682 
3.076924 -3.0769224 13.456042 
3.846155 -3.8461533 13.054279 
3.846155 -3.0769224 13.256682 
3.846155 -3.8461533 13.054279 
3.846155 -3.0769224 13.256682 
4.6153855 -3.8461533 12.802551 
4.6153855 -3.0769224 13.008872 
4.6153855 -3.8461533 12.802551 
4.6153855 -3.0769224 13.008872 
5.3846164 -3.8461533 12.498521 
5.3846164 -3.0769224 12.709778 
5.3846164 -3.8461533 12.498521 
5.3846164 -3.0769224 12.709778 
6.153847 -3.8461533 12.138256 
6.153847 -3.0769224 12.355675 
6.153847 -3.8461533 12.138256 
6.153847 -3.0769224 12.355675 
6.923078 -3.8461533 11.716574 
6.923078 -3.0769224 11.941672 
6.923078 -3.8461533 11.716574 
6.923078 -3.0769224 11.941672 
7.692309 -3.8461533 11.226553 
7.692309 -3.0769224 11.46128 
7.692309 -3.8461533 11.226553 
7.692309 -3.0769224 11.46128 
8.461539 -3.8461533 10.658773 
8.461539 -3.0769224 10.905727 
8.461539 -3.8461533 10.658773 
8.461539 -3.0769224 10.905727 
9.23077 -3.8461533 10.0 
9.23077 -3.0769224 10.262818 
9.23077 -3.8461533 10.0 
9.23077 -3.0769224 10.262818 
null
null
-10.0 -3.0769224 9.514859 
-10.0 -2.3076916 9.730085 
-9.230769 -3.0769224 10.262818 
-9.230769 -2.3076916 10.46267 
-9.230769 -3.0769224 10.262818 
-9.230769 -2.3076916 10.46267 
-8.461538 -3.0769224 10.905729 
-8.461538 -2.3076916 11.094005 
-8.461538 -3.0769224 10.905729 
-8.461538 -2.3076916 11.094005 
-7.6923075 -3.0769224 11.46128 
-7.6923075 -2.3076916 11.6405735 
-7.6923075 -3.0769224 11.46128 
-7.6923075 -2.3076916 11.6405735 
-6.9230766 -3.0769224 11.941673 
-6.9230766 -2.3076916 12.113859 
-6.9230766 -3.0769224 11.941673 
-6.9230766 -2.3076916 12.113859 
-6.153846 -3.0769224 12.355677 
-6.153846 -2.3076916 12.52217 
-6.153846 -3.0769224 12.355677 
-6.153846 -2.3076916 12.52217 
-5.384615 -3.0769224 12.709779 
-5.384615 -2.3076916 12.871693 
-5.384615 -3.0769224 12.709779 
-5.384615 -2.3076916 12.871693 
-4.615384 -3.0769224 13.008873 
-4.615384 -2.3076916 13.16711 
-4.615384 -3.0769224 13.008873 
-4.615384 -2.3076916 13.16711 
-3.8461533 -3.0769224 13.256683 
-3.8461533 -2.3076916 13.411997 
-3.8461533 -3.0769224 13.256683 
-3.8461533 -2.3076916 13.411997 
-3.0769224 -3.0769224 13.456043 
-3.0769224 -2.3076916 13.609082 
-3.0769224 -3.0769224 13.456043 
-3.0769224 -2.3076916 13.609082 
-2.3076916 -3.0769224 13.609082 
-2.3076916 -2.3076916 13.760419 
-2.3076916 -3.0769224 13.609082 
-2.3076916 -2.3076916 13.760419 
-1.5384607 -3.0769224 13.71735 
-1.5384607 -2.3076916 13.867505 
-1.5384607 -3.0769224 13.71735 
-1.5384607 -2.3076916 13.867505 
-0.76922995 -3.0769224 13.781902 
-0.76922995 -2.3076916 13.931362 
-0.76922995 -3.0769224 13.781902 
-0.76922995 -2.3076916 13.931362 
8.34465E-7 -3.0769224 13.803352 
8.34465E-7 -2.3076916 13.952582 
8.34465E-7 -3.0769224 13.803352 
8.34465E-7 -2.3076916 13.952582 
0.7692316 -3.0769224 13.781902 
0.7692316 -2.3076916 13.931362 
0.7692316 -3.0769224 13.781902 
0.7692316 -2.3076916 13.931362 
1.5384624 -3.0769224 13.71735 
1.5384624 -2.3076916 13.867505 
1.5384624 -3.0769224 13.71735 
1.5384624 -2.3076916 13.867505 
2.3076932 -3.0769224 13.609081 
2.3076932 -2.3076916 13.760418 
2.3076932 -3.0769224 13.609081 
2.3076932 -2.3076916 13.760418 
3.076924 -3.0769224 13.456042 
3.076924 -2.3076916 13.609081 
3.076924 -3.0769224 13.456042 
3.076924 -2.3076916 13.609081 
3.846155 -3.0769224 13.256682 
3.846155 -2.3076916 13.411997 
3.846155 -3.0769224 13.256682 
3.846155 -2.3076916 13.411997 
4.6153855 -3.0769224 13.008872 
4.6153855 -2.3076916 13.1671095 
4.6153855 -3.0769224 13.008872 
4.6153855 -2.3076916 13.1671095 
5.3846164 -3.0769224 12.709778 
5.3846164 -2.3076916 12.871693 
5.3846164 -3.0769224 12.709778 
5.3846164 -2.3076916 12.871693 
6.153847 -3.0769224 12.355675 
6.153847 -2.3076916 12.522169 
6.153847 -3.0769224 12.355675 
6.153847 -2.3076916 12.522169 
6.923078 -3.0769224 11.941672 
6.923078 -2.3076916 12.113857 
6.923078 -3.0769224 11.941672 
6.923078 -2.3076916 12.113857 
7.692309 -3.0769224 11.46128 
7.692309 -2.3076916 11.6405735 
7.692309 -3.0769224 11.46128 
7.692309 -2.3076916 11.6405735 
8.461539 -3.0769224 10.905727 
8.461539 -2.3076916 11.094003 
8.461539 -3.0769224 10.905727 
8.461539 -2.3076916 11.094003 
9.23077 -3.0769224 10.262818 
9.23077 -2.3076916 10.462669 
9.23077 -3.0769224 10.262818 
9.23077 -2.3076916 10.462669 
null
null
-10.0 -2.3076916 9.730085 
-10.0 -1.5384607 9.880948 
-9.230769 -2.3076916 10.46267 
-9.230769 -1.5384607 10.603115 
-9.230769 -2.3076916 10.46267 
-9.230769 -1.5384607 10.603115 
-8.461538 -2.3076916 11.094005 
-8.461538 -1.5384607 11.226554 
-8.461538 -2.3076916 11.094005 
-8.461538 -1.5384607 11.226554 
-7.6923075 -2.3076916 11.6405735 
-7.6923075 -1.5384607 11.766968 
-7.6923075 -2.3076916 11.6405735 
-7.6923075 -1.5384607 11.766968 
-6.9230766 -2.3076916 12.113859 
-6.9230766 -1.5384607 12.235365 
-6.9230766 -2.3076916 12.113859 
-6.9230766 -1.5384607 12.235365 
-6.153846 -2.3076916 12.52217 
-6.153846 -1.5384607 12.639751 
-6.153846 -2.3076916 12.52217 
-6.153846 -1.5384607 12.639751 
-5.384615 -2.3076916 12.871693 
-5.384615 -1.5384607 12.98611 
-5.384615 -2.3076916 12.871693 
-5.384615 -1.5384607 12.98611 
-4.615384 -2.3076916 13.16711 
-4.615384 -1.5384607 13.278982 
-4.615384 -2.3076916 13.16711 
-4.615384 -1.5384607 13.278982 
-3.8461533 -2.3076916 13.411997 
-3.8461533 -1.5384607 13.521843 
-3.8461533 -2.3076916 13.411997 
-3.8461533 -1.5384607 13.521843 
-3.0769224 -2.3076916 13.609082 
-3.0769224 -1.5384607 13.71735 
-3.0769224 -2.3076916 13.609082 
-3.0769224 -1.5384607 13.71735 
-2.3076916 -2.3076916 13.760419 
-2.3076916 -1.5384607 13.867505 
-2.3076916 -2.3076916 13.760419 
-2.3076916 -1.5384607 13.867505 
-1.5384607 -2.3076916 13.867505 
-1.5384607 -1.5384607 13.973771 
-1.5384607 -2.3076916 13.867505 
-1.5384607 -1.5384607 13.973771 
-0.76922995 -2.3076916 13.931362 
-0.76922995 -1.5384607 14.037144 
-0.76922995 -2.3076916 13.931362 
-0.76922995 -1.5384607 14.037144 
8.34465E-7 -2.3076916 13.952582 
8.34465E-7 -1.5384607 14.058206 
8.34465E-7 -2.3076916 13.952582 
8.34465E-7 -1.5384607 14.058206 
0.7692316 -2.3076916 13.931362 
0.7692316 -1.5384607 14.037144 
0.7692316 -2.3076916 13.931362 
0.7692316 -1.5384607 14.037144 
1.5384624 -2.3076916 13.867505 
1.5384624 -1.5384607 13.973771 
1.5384624 -2.3076916 13.867505 
1.5384624 -1.5384607 13.973771 
2.3076932 -2.3076916 13.760418 
2.3076932 -1.5384607 13.867504 
2.3076932 -2.3076916 13.760418 
2.3076932 -1.5384607 13.867504 
3.076924 -2.3076916 13.609081 
3.076924 -1.5384607 13.717349 
3.076924 -2.3076916 13.609081 
3.076924 -1.5384607 13.717349 
3.846155 -2.3076916 13.411997 
3.846155 -1.5384607 13.521843 
3.846155 -2.3076916 13.411997 
3.846155 -1.5384607 13.521843 
4.6153855 -2.3076916 13.1671095 
4.6153855 -1.5384607 13.278981 
4.6153855 -2.3076916 13.1671095 
4.6153855 -1.5384607 13.278981 
5.3846164 -2.3076916 12.871693 
5.3846164 -1.5384607 12.98611 
5.3846164 -2.3076916 12.871693 
5.3846164 -1.5384607 12.98611 
6.153847 -2.3076916 12.522169 
6.153847 -1.5384607 12.6397505 
6.153847 -2.3076916 12.522169 
6.153847 -1.5384607 12.6397505 
6.923078 -2.3076916 12.113857 
6.923078 -1.5384607 12.235363 
6.923078 -2.3076916 12.113857 
6.923078 -1.5384607 12.235363 
7.692309 -2.3076916 11.6405735 
7.692309 -1.5384607 11.766967 
7.692309 -2.3076916 11.6405735 
7.692309 -1.5384607 11.766967 
8.461539 -2.3076916 11.094003 
8.461539 -1.5384607 11.226553 
8.461539 -2.3076916 11.094003 
8.461539 -1.5384607 11.226553 
9.23077 -2.3076916 10.462669 
9.23077 -1.5384607 10.603114 
9.23077 -2.3076916 10.462669 
9.23077 -1.5384607 10.603114 
null
null
-10.0 -1.5384607 9.880948 
-10.0 -0.76922995 9.97037 
-9.230769 -1.5384607 10.603115 
-9.230769 -0.76922995 10.686496 
-9.230769 -1.5384607 10.603115 
-9.230769 -0.76922995 10.686496 
-8.461538 -1.5384607 11.226554 
-8.461538 -0.76922995 11.305338 
-8.461538 -1.5384607 11.226554 
-8.461538 -0.76922995 11.305338 
-7.6923075 -1.5384607 11.766968 
-7.6923075 -0.76922995 11.842156 
-7.6923075 -1.5384607 11.766968 
-7.6923075 -0.76922995 11.842156 
-6.9230766 -1.5384607 12.235365 
-6.9230766 -0.76922995 12.307693 
-6.9230766 -1.5384607 12.235365 
-6.9230766 -0.76922995 12.307693 
-6.153846 -1.5384607 12.639751 
-6.153846 -0.76922995 12.709779 
-6.153846 -1.5384607 12.639751 
-6.153846 -0.76922995 12.709779 
-5.384615 -1.5384607 12.98611 
-5.384615 -0.76922995 13.054279 
-5.384615 -1.5384607 12.98611 
-5.384615 -0.76922995 13.054279 
-4.615384 -1.5384607 13.278982 
-4.615384 -0.76922995 13.3456545 
-4.615384 -1.5384607 13.278982 
-4.615384 -0.76922995 13.3456545 
-3.8461533 -1.5384607 13.521843 
-3.8461533 -0.76922995 13.587324 
-3.8461533 -1.5384607 13.521843 
-3.8461533 -0.76922995 13.587324 
-3.0769224 -1.5384607 13.71735 
-3.0769224 -0.76922995 13.781902 
-3.0769224 -1.5384607 13.71735 
-3.0769224 -0.76922995 13.781902 
-2.3076916 -1.5384607 13.867505 
-2.3076916 -0.76922995 13.931362 
-2.3076916 -1.5384607 13.867505 
-2.3076916 -0.76922995 13.931362 
-1.5384607 -1.5384607 13.973771 
-1.5384607 -0.76922995 14.037144 
-1.5384607 -1.5384607 13.973771 
-1.5384607 -0.76922995 14.037144 
-0.76922995 -1.5384607 14.037144 
-0.76922995 -0.76922995 14.100232 
-0.76922995 -1.5384607 14.037144 
-0.76922995 -0.76922995 14.100232 
8.34465E-7 -1.5384607 14.058206 
8.34465E-7 -0.76922995 14.1212 
8.34465E-7 -1.5384607 14.058206 
8.34465E-7 -0.76922995 14.1212 
0.7692316 -1.5384607 14.037144 
0.7692316 -0.76922995 14.100232 
0.7692316 -1.5384607 14.037144 
0.7692316 -0.76922995 14.100232 
1.5384624 -1.5384607 13.973771 
1.5384624 -0.76922995 14.037144 
1.5384624 -1.5384607 13.973771 
1.5384624 -0.76922995 14.037144 
2.3076932 -1.5384607 13.867504 
2.3076932 -0.76922995 13.931361 
2.3076932 -1.5384607 13.867504 
2.3076932 -0.76922995 13.931361 
3.076924 -1.5384607 13.717349 
3.076924 -0.76922995 13.781901 
3.076924 -1.5384607 13.717349 
3.076924 -0.76922995 13.781901 
3.846155 -1.5384607 13.521843 
3.846155 -0.76922995 13.587324 
3.846155 -1.5384607 13.521843 
3.846155 -0.76922995 13.587324 
4.6153855 -1.5384607 13.278981 
4.6153855 -0.76922995 13.3456545 
4.6153855 -1.5384607 13.278981 
4.6153855 -0.76922995 13.3456545 
5.3846164 -1.5384607 12.98611 
5.3846164 -0.76922995 13.054278 
5.3846164 -1.5384607 12.98611 
5.3846164 -0.76922995 13.054278 
6.153847 -1.5384607 12.6397505 
6.153847 -0.76922995 12.709777 
6.153847 -1.5384607 12.6397505 
6.153847 -0.76922995 12.709777 
6.923078 -1.5384607 12.235363 
6.923078 -0.76922995 12.307692 
6.923078 -1.5384607 12.235363 
6.923078 -0.76922995 12.307692 
7.692309 -1.5384607 11.766967 
7.692309 -0.76922995 11.842156 
7.692309 -1.5384607 11.766967 
7.692309 -0.76922995 11.842156 
8.461539 -1.5384607 11.226553 
8.461539 -0.76922995 11.305336 
8.461539 -1.5384607 11.226553 
8.461539 -0.76922995 11.305336 
9.23077 -1.5384607 10.603114 
9.23077 -0.76922995 10.686495 
9.23077 -1.5384607 10.603114 
9.23077 -0.76922995 10.686495 
null
null
-10.0 -0.76922995 9.97037 
-10.0 8.34465E-7 10.0 
-9.230769 -0.76922995 10.686496 
-9.230769 8.34465E-7 10.714145 
-9.230769 -0.76922995 10.686496 
-9.230769 8.34465E-7 10.714145 
-8.461538 -0.76922995 11.305338 
-8.461538 8.34465E-7 11.331477 
-8.461538 -0.76922995 11.305338 
-8.461538 8.34465E-7 11.331477 
-7.6923075 -0.76922995 11.842156 
-7.6923075 8.34465E-7 11.867114 
-7.6923075 -0.76922995 11.842156 
-7.6923075 8.34465E-7 11.867114 
-6.9230766 -0.76922995 12.307693 
-6.9230766 8.34465E-7 12.331708 
-6.9230766 -0.76922995 12.307693 
-6.9230766 8.34465E-7 12.331708 
-6.153846 -0.76922995 12.709779 
-6.153846 8.34465E-7 12.733035 
-6.153846 -0.76922995 12.709779 
-6.153846 8.34465E-7 12.733035 
-5.384615 -0.76922995 13.054279 
-5.384615 8.34465E-7 13.076923 
-5.384615 -0.76922995 13.054279 
-5.384615 8.34465E-7 13.076923 
-4.615384 -0.76922995 13.3456545 
-4.615384 8.34465E-7 13.3678055 
-4.615384 -0.76922995 13.3456545 
-4.615384 8.34465E-7 13.3678055 
-3.8461533 -0.76922995 13.587324 
-3.8461533 8.34465E-7 13.609082 
-3.8461533 -0.76922995 13.587324 
-3.8461533 8.34465E-7 13.609082 
-3.0769224 -0.76922995 13.781902 
-3.0769224 8.34465E-7 13.803352 
-3.0769224 -0.76922995 13.781902 
-3.0769224 8.34465E-7 13.803352 
-2.3076916 -0.76922995 13.931362 
-2.3076916 8.34465E-7 13.952582 
-2.3076916 -0.76922995 13.931362 
-2.3076916 8.34465E-7 13.952582 
-1.5384607 -0.76922995 14.037144 
-1.5384607 8.34465E-7 14.058206 
-1.5384607 -0.76922995 14.037144 
-1.5384607 8.34465E-7 14.058206 
-0.76922995 -0.76922995 14.100232 
-0.76922995 8.34465E-7 14.1212 
-0.76922995 -0.76922995 14.100232 
-0.76922995 8.34465E-7 14.1212 
8.34465E-7 -0.76922995 14.1212 
8.34465E-7 8.34465E-7 14.142136 
8.34465E-7 -0.76922995 14.1212 
8.34465E-7 8.34465E-7 14.142136 
0.7692316 -0.76922995 14.100232 
0.7692316 8.34465E-7 14.1212 
0.7692316 -0.76922995 14.100232 
0.7692316 8.34465E-7 14.1212 
1.5384624 -0.76922995 14.037144 
1.5384624 8.34465E-7 14.058206 
1.5384624 -0.76922995 14.037144 
1.5384624 8.34465E-7 14.058206 
2.3076932 -0.76922995 13.931361 
2.3076932 8.34465E-7 13.952582 
2.3076932 -0.76922995 13.931361 
2.3076932 8.34465E-7 13.952582 
3.076924 -0.76922995 13.781901 
3.076924 8.34465E-7 13.803352 
3.076924 -0.76922995 13.781901 
3.076924 8.34465E-7 13.803352 
3.846155 -0.76922995 13.587324 
3.846155 8.34465E-7 13.609081 
3.846155 -0.76922995 13.587324 
3.846155 8.34465E-7 13.609081 
4.6153855 -0.76922995 13.3456545 
4.6153855 8.34465E-7 13.3678055 
4.6153855 -0.76922995 13.3456545 
4.6153855 8.34465E-7 13.3678055 
5.3846164 -0.76922995 13.054278 
5.3846164 8.34465E-7 13.076922 
5.3846164 -0.76922995 13.054278 
5.3846164 8.34465E-7 13.076922 
6.153847 -0.76922995 12.709777 
6.153847 8.34465E-7 12.733034 
6.153847 -0.76922995 12.709777 
6.153847 8.34465E-7 12.733034 
6.923078 -0.76922995 12.307692 
6.923078 8.34465E-7 12.331706 
6.923078 -0.76922995 12.307692 
6.923078 8.34465E-7 12.331706 
7.692309 -0.76922995 11.842156 
7.692309 8.34465E-7 11.867113 
7.692309 -0.76922995 11.842156 
7.692309 8.34465E-7 11.867113 
8.461539 -0.76922995 11.305336 
8.461539 8.34465E-7 11.331476 
8.461539 -0.76922995 11.305336 
8.461539 8.34465E-7 11.331476 
9.23077 -0.76922995 10.686495 
9.23077 8.34465E-7 10.714144 
9.23077 -0.76922995 10.686495 
9.23077 8.34465E-7 10.714144 
null
null
-10.0 8.34465E-7 10.0 
-10.0 0.7692316 9.97037 
-9.230769 8.34465E-7 10.714145 
-9.230769 0.7692316 10.686495 
-9.230769 8.34465E-7 10.714145 
-9.230769 0.7692316 10.686495 
-8.461538 8.34465E-7 11.331477 
-8.461538 0.7692316 11.305337 
-8.461538 8.34465E-7 11.331477 
-8.461538 0.7692316 11.305337 
-7.6923075 8.34465E-7 11.867114 
-7.6923075 0.7692316 11.842156 
-7.6923075 8.34465E-7 11.867114 
-7.6923075 0.7692316 11.842156 
-6.9230766 8.34465E-7 12.331708 
-6.9230766 0.7692316 12.307693 
-6.9230766 8.34465E-7 12.331708 
-6.9230766 0.7692316 12.307693 
-6.153846 8.34465E-7 12.733035 
-6.153846 0.7692316 12.709779 
-6.153846 8.34465E-7 12.733035 
-6.153846 0.7692316 12.709779 
-5.384615 8.34465E-7 13.076923 
-5.384615 0.7692316 13.054279 
-5.384615 8.34465E-7 13.076923 
-5.384615 0.7692316 13.054279 
-4.615384 8.34465E-7 13.3678055 
-4.615384 0.7692316 13.3456545 
-4.615384 8.34465E-7 13.3678055 
-4.615384 0.7692316 13.3456545 
-3.8461533 8.34465E-7 13.609082 
-3.8461533 0.7692316 13.587324 
-3.8461533 8.34465E-7 13.609082 
-3.8461533 0.7692316 13.587324 
-3.0769224 8.34465E-7 13.803352 
-3.0769224 0.7692316 13.781902 
-3.0769224 8.34465E-7 13.803352 
-3.0769224 0.7692316 13.781902 
-2.3076916 8.34465E-7 13.952582 
-2.3076916 0.7692316 13.931362 
-2.3076916 8.34465E-7 13.952582 
-2.3076916 0.7692316 13.931362 
-1.5384607 8.34465E-7 14.058206 
-1.5384607 0.7692316 14.037144 
-1.5384607 8.34465E-7 14.058206 
-1.5384607 0.7692316 14.037144 
-0.76922995 8.34465E-7 14.1212 
-0.76922995 0.7692316 14.100232 
-0.76922995 8.34465E-7 14.1212 
-0.76922995 0.7692316 14.100232 
8.34465E-7 8.34465E-7 14.142136 
8.34465E-7 0.7692316 14.1212 
8.34465E-7 8.34465E-7 14.142136 
8.34465E-7 0.7692316 14.1212 
0.7692316 8.34465E-7 14.1212 
0.7692316 0.7692316 14.100232 
0.7692316 8.34465E-7 14.1212 
0.7692316 0.7692316 14.100232 
1.5384624 8.34465E-7 14.058206 
1.5384624 0.7692316 14.037144 
1.5384624 8.34465E-7 14.058206 
1.5384624 0.7692316 14.037144 
2.3076932 8.34465E-7 13.952582 
2.3076932 0.7692316 13.931361 
2.3076932 8.34465E-7 13.952582 
2.3076932 0.7692316 13.931361 
3.076924 8.34465E-7 13.803352 
3.076924 0.7692316 13.781901 
3.076924 8.34465E-7 13.803352 
3.076924 0.7692316 13.781901 
3.846155 8.34465E-7 13.609081 
3.846155 0.7692316 13.587324 
3.846155 8.34465E-7 13.609081 
3.846155 0.7692316 13.587324 
4.6153855 8.34465E-7 13.3678055 
4.6153855 0.7692316 13.3456545 
4.6153855 8.34465E-7 13.3678055 
4.6153855 0.7692316 13.3456545 
5.3846164 8.34465E-7 13.076922 
5.3846164 0.7692316 13.054278 
5.3846164 8.34465E-7 13.076922 
5.3846164 0.7692316 13.054278 
6.153847 8.34465E-7 12.733034 
6.153847 0.7692316 12.709777 
6.153847 8.34465E-7 12.733034 
6.153847 0.7692316 12.709777 
6.923078 8.34465E-7 12.331706 
6.923078 0.7692316 12.307692 
6.923078 8.34465E-7 12.331706 
6.923078 0.7692316 12.307692 
7.692309 8.34465E-7 11.867113 
7.692309 0.7692316 11.842156 
7.692309 8.34465E-7 11.867113 
7.692309 0.7692316 11.842156 
8.461539 8.34465E-7 11.331476 
8.461539 0.7692316 11.305336 
8.461539 8.34465E-7 11.331476 
8.461539 0.7692316 11.305336 
9.23077 8.34465E-7 10.714144 
9.23077 0.7692316 10.686495 
9.23077 8.34465E-7 10.714144 
9.23077 0.7692316 10.686495 
null
null
-10.0 0.7692316 9.97037 
-10.0 1.5384624 9.880948 
-9.230769 0.7692316 10.686495 
-9.230769 1.5384624 10.603114 
-9.230769 0.7692316 10.686495 
-9.230769 1.5384624 10.603114 
-8.461538 0.7692316 11.305337 
-8.461538 1.5384624 11.226554 
-8.461538 0.7692316 11.305337 
-8.461538 1.5384624 11.226554 
-7.6923075 0.7692316 11.842156 
-7.6923075 1.5384624 11.766968 
-7.6923075 0.7692316 11.842156 
-7.6923075 1.5384624 11.766968 
-6.9230766 0.7692316 12.307693 
-6.9230766 1.5384624 12.235365 
-6.9230766 0.7692316 12.307693 
-6.9230766 1.5384624 12.235365 
-6.153846 0.7692316 12.709779 
-6.153846 1.5384624 12.639751 
-6.153846 0.7692316 12.709779 
-6.153846 1.5384624 12.639751 
-5.384615 0.7692316 13.054279 
-5.384615 1.5384624 12.98611 
-5.384615 0.7692316 13.054279 
-5.384615 1.5384624 12.98611 
-4.615384 0.7692316 13.3456545 
-4.615384 1.5384624 13.278982 
-4.615384 0.7692316 13.3456545 
-4.615384 1.5384624 13.278982 
-3.8461533 0.7692316 13.587324 
-3.8461533 1.5384624 13.521843 
-3.8461533 0.7692316 13.587324 
-3.8461533 1.5384624 13.521843 
-3.0769224 0.7692316 13.781902 
-3.0769224 1.5384624 13.71735 
-3.0769224 0.7692316 13.781902 
-3.0769224 1.5384624 13.71735 
-2.3076916 0.7692316 13.931362 
-2.3076916 1.5384624 13.867505 
-2.3076916 0.7692316 13.931362 
-2.3076916 1.5384624 13.867505 
-1.5384607 0.7692316 14.037144 
-1.5384607 1.5384624 13.973771 
-1.5384607 0.7692316 14.037144 
-1.5384607 1.5384624 13.973771 
-0.76922995 0.7692316 14.100232 
-0.76922995 1.5384624 14.037144 
-0.76922995 0.7692316 14.100232 
-0.76922995 1.5384624 14.037144 
8.34465E-7 0.7692316 14.1212 
8.34465E-7 1.5384624 14.058206 
8.34465E-7 0.7692316 14.1212 
8.34465E-7 1.5384624 14.058206 
0.7692316 0.7692316 14.100232 
0.7692316 1.5384624 14.037144 
0.7692316 0.7692316 14.100232 
0.7692316 1.5384624 14.037144 
1.5384624 0.7692316 14.037144 
1.5384624 1.5384624 13.973771 
1.5384624 0.7692316 14.037144 
1.5384624 1.5384624 13.973771 
2.3076932 0.7692316 13.931361 
2.3076932 1.5384624 13.867504 
2.3076932 0.7692316 13.931361 
2.3076932 1.5384624 13.867504 
3.076924 0.7692316 13.781901 
3.076924 1.5384624 13.717349 
3.076924 0.7692316 13.781901 
3.076924 1.5384624 13.717349 
3.846155 0.7692316 13.587324 
3.846155 1.5384624 13.521843 
3.846155 0.7692316 13.587324 
3.846155 1.5384624 13.521843 
4.6153855 0.7692316 13.3456545 
4.6153855 1.5384624 13.278981 
4.6153855 0.7692316 13.3456545 
4.6153855 1.5384624 13.278981 
5.3846164 0.7692316 13.054278 
5.3846164 1.5384624 12.98611 
5.3846164 0.7692316 13.054278 
5.3846164 1.5384624 12.98611 
6.153847 0.7692316 12.709777 
6.153847 1.5384624 12.6397505 
6.153847 0.7692316 12.709777 
6.153847 1.5384624 12.6397505 
6.923078 0.7692316 12.307692 
6.923078 1.5384624 12.235363 
6.923078 0.7692316 12.307692 
6.923078 1.5384624 12.235363 
7.692309 0.7692316 11.842156 
7.692309 1.5384624 11.766967 
7.692309 0.7692316 11.842156 
7.692309 1.5384624 11.766967 
8.461539 0.7692316 11.305336 
8.461539 1.5384624 11.226552 
8.461539 0.7692316 11.305336 
8.461539 1.5384624 11.226552 
9.23077 0.7692316 10.686495 
9.23077 1.5384624 10.603113 
9.23077 0.7692316 10.686495 
9.23077 1.5384624 10.603113 
null
null
-10.0 1.5384624 9.880948 
-10.0 2.3076932 9.730085 
-9.230769 1.5384624 10.603114 
-9.230769 2.3076932 10.462669 
-9.230769 1.5384624 10.603114 
-9.230769 2.3076932 10.462669 
-8.461538 1.5384624 11.226554 
-8.461538 2.3076932 11.094004 
-8.461538 1.5384624 11.226554 
-8.461538 2.3076932 11.094004 
-7.6923075 1.5384624 11.766968 
-7.6923075 2.3076932 11.6405735 
-7.6923075 1.5384624 11.766968 
-7.6923075 2.3076932 11.6405735 
-6.9230766 1.5384624 12.235365 
-6.9230766 2.3076932 12.113858 
-6.9230766 1.5384624 12.235365 
-6.9230766 2.3076932 12.113858 
-6.153846 1.5384624 12.639751 
-6.153846 2.3076932 12.52217 
-6.153846 1.5384624 12.639751 
-6.153846 2.3076932 12.52217 
-5.384615 1.5384624 12.98611 
-5.384615 2.3076932 12.871693 
-5.384615 1.5384624 12.98611 
-5.384615 2.3076932 12.871693 
-4.615384 1.5384624 13.278982 
-4.615384 2.3076932 13.1671095 
-4.615384 1.5384624 13.278982 
-4.615384 2.3076932 13.1671095 
-3.8461533 1.5384624 13.521843 
-3.8461533 2.3076932 13.411997 
-3.8461533 1.5384624 13.521843 
-3.8461533 2.3076932 13.411997 
-3.0769224 1.5384624 13.71735 
-3.0769224 2.3076932 13.609081 
-3.0769224 1.5384624 13.71735 
-3.0769224 2.3076932 13.609081 
-2.3076916 1.5384624 13.867505 
-2.3076916 2.3076932 13.760418 
-2.3076916 1.5384624 13.867505 
-2.3076916 2.3076932 13.760418 
-1.5384607 1.5384624 13.973771 
-1.5384607 2.3076932 13.867504 
-1.5384607 1.5384624 13.973771 
-1.5384607 2.3076932 13.867504 
-0.76922995 1.5384624 14.037144 
-0.76922995 2.3076932 13.931361 
-0.76922995 1.5384624 14.037144 
-0.76922995 2.3076932 13.931361 
8.34465E-7 1.5384624 14.058206 
8.34465E-7 2.3076932 13.952582 
8.34465E-7 1.5384624 14.058206 
8.34465E-7 2.3076932 13.952582 
0.7692316 1.5384624 14.037144 
0.7692316 2.3076932 13.931361 
0.7692316 1.5384624 14.037144 
0.7692316 2.3076932 13.931361 
1.5384624 1.5384624 13.973771 
1.5384624 2.3076932 13.867504 
1.5384624 1.5384624 13.973771 
1.5384624 2.3076932 13.867504 
2.3076932 1.5384624 13.867504 
2.3076932 2.3076932 13.760418 
2.3076932 1.5384624 13.867504 
2.3076932 2.3076932 13.760418 
3.076924 1.5384624 13.717349 
3.076924 2.3076932 13.60908 
3.076924 1.5384624 13.717349 
3.076924 2.3076932 13.60908 
3.846155 1.5384624 13.521843 
3.846155 2.3076932 13.411996 
3.846155 1.5384624 13.521843 
3.846155 2.3076932 13.411996 
4.6153855 1.5384624 13.278981 
4.6153855 2.3076932 13.167109 
4.6153855 1.5384624 13.278981 
4.6153855 2.3076932 13.167109 
5.3846164 1.5384624 12.98611 
5.3846164 2.3076932 12.871692 
5.3846164 1.5384624 12.98611 
5.3846164 2.3076932 12.871692 
6.153847 1.5384624 12.6397505 
6.153847 2.3076932 12.522168 
6.153847 1.5384624 12.6397505 
6.153847 2.3076932 12.522168 
6.923078 1.5384624 12.235363 
6.923078 2.3076932 12.113857 
6.923078 1.5384624 12.235363 
6.923078 2.3076932 12.113857 
7.692309 1.5384624 11.766967 
7.692309 2.3076932 11.640573 
7.692309 1.5384624 11.766967 
7.692309 2.3076932 11.640573 
8.461539 1.5384624 11.226552 
8.461539 2.3076932 11.094003 
8.461539 1.5384624 11.226552 
8.461539 2.3076932 11.094003 
9.23077 1.5384624 10.603113 
9.23077 2.3076932 10.462668 
9.23077 1.5384624 10.603113 
9.23077 2.3076932 10.462668 
null
null
-10.0 2.3076932 9.730085 
-10.0 3.076924 9.514859 
-9.230769 2.3076932 10.462669 
-9.230769 3.076924 10.262818 
-9.230769 2.3076932 10.462669 
-9.230769 3.076924 10.262818 
-8.461538 2.3076932 11.094004 
-8.461538 3.076924 10.905728 
-8.461538 2.3076932 11.094004 
-8.461538 3.076924 10.905728 
-7.6923075 2.3076932 11.6405735 
-7.6923075 3.076924 11.46128 
-7.6923075 2.3076932 11.6405735 
-7.6923075 3.076924 11.46128 
-6.9230766 2.3076932 12.113858 
-6.9230766 3.076924 11.941672 
-6.9230766 2.3076932 12.113858 
-6.9230766 3.076924 11.941672 
-6.153846 2.3076932 12.52217 
-6.153846 3.076924 12.355676 
-6.153846 2.3076932 12.52217 
-6.153846 3.076924 12.355676 
-5.384615 2.3076932 12.871693 
-5.384615 3.076924 12.709778 
-5.384615 2.3076932 12.871693 
-5.384615 3.076924 12.709778 
-4.615384 2.3076932 13.1671095 
-4.615384 3.076924 13.008872 
-4.615384 2.3076932 13.1671095 
-4.615384 3.076924 13.008872 
-3.8461533 2.3076932 13.411997 
-3.8461533 3.076924 13.256682 
-3.8461533 2.3076932 13.411997 
-3.8461533 3.076924 13.256682 
-3.0769224 2.3076932 13.609081 
-3.0769224 3.076924 13.456042 
-3.0769224 2.3076932 13.609081 
-3.0769224 3.076924 13.456042 
-2.3076916 2.3076932 13.760418 
-2.3076916 3.076924 13.609081 
-2.3076916 2.3076932 13.760418 
-2.3076916 3.076924 13.609081 
-1.5384607 2.3076932 13.867504 
-1.5384607 3.076924 13.717349 
-1.5384607 2.3076932 13.867504 
-1.5384607 3.076924 13.717349 
-0.76922995 2.3076932 13.931361 
-0.76922995 3.076924 13.781901 
-0.76922995 2.3076932 13.931361 
-0.76922995 3.076924 13.781901 
8.34465E-7 2.3076932 13.952582 
8.34465E-7 3.076924 13.803352 
8.34465E-7 2.3076932 13.952582 
8.34465E-7 3.076924 13.803352 
0.7692316 2.3076932 13.931361 
0.7692316 3.076924 13.781901 
0.7692316 2.3076932 13.931361 
0.7692316 3.076924 13.781901 
1.5384624 2.3076932 13.867504 
1.5384624 3.076924 13.717349 
1.5384624 2.3076932 13.867504 
1.5384624 3.076924 13.717349 
2.3076932 2.3076932 13.760418 
2.3076932 3.076924 13.60908 
2.3076932 2.3076932 13.760418 
2.3076932 3.076924 13.60908 
3.076924 2.3076932 13.60908 
3.076924 3.076924 13.456042 
3.076924 2.3076932 13.60908 
3.076924 3.076924 13.456042 
3.846155 2.3076932 13.411996 
3.846155 3.076924 13.256682 
3.846155 2.3076932 13.411996 
3.846155 3.076924 13.256682 
4.6153855 2.3076932 13.167109 
4.6153855 3.076924 13.008872 
4.6153855 2.3076932 13.167109 
4.6153855 3.076924 13.008872 
5.3846164 2.3076932 12.871692 
5.3846164 3.076924 12.709777 
5.3846164 2.3076932 12.871692 
5.3846164 3.076924 12.709777 
6.153847 2.3076932 12.522168 
6.153847 3.076924 12.355675 
6.153847 2.3076932 12.522168 
6.153847 3.076924 12.355675 
6.923078 2.3076932 12.113857 
6.923078 3.076924 11.941671 
6.923078 2.3076932 12.113857 
6.923078 3.076924 11.941671 
7.692309 2.3076932 11.640573 
7.692309 3.076924 11.461279 
7.692309 2.3076932 11.640573 
7.692309 3.076924 11.461279 
8.461539 2.3076932 11.094003 
8.461539 3.076924 10.905727 
8.461539 2.3076932 11.094003 
8.461539 3.076924 10.905727 
9.23077 2.3076932 10.462668 
9.23077 3.076924 10.262817 
9.23077 2.3076932 10.462668 
9.23077 3.076924 10.262817 
null
null
-10.0 3.076924 9.514859 
-10.0 3.846155 9.230769 
-9.230769 3.076924 10.262818 
-9.230769 3.846155 10.0 
-9.230769 3.076924 10.262818 
-9.230769 3.846155 10.0 
-8.461538 3.076924 10.905728 
-8.461538 3.846155 10.658774 
-8.461538 3.076924 10.905728 
-8.461538 3.846155 10.658774 
-7.6923075 3.076924 11.46128 
-7.6923075 3.846155 11.226553 
-7.6923075 3.076924 11.46128 
-7.6923075 3.846155 11.226553 
-6.9230766 3.076924 11.941672 
-6.9230766 3.846155 11.716574 
-6.9230766 3.076924 11.941672 
-6.9230766 3.846155 11.716574 
-6.153846 3.076924 12.355676 
-6.153846 3.846155 12.138257 
-6.153846 3.076924 12.355676 
-6.153846 3.846155 12.138257 
-5.384615 3.076924 12.709778 
-5.384615 3.846155 12.498521 
-5.384615 3.076924 12.709778 
-5.384615 3.846155 12.498521 
-4.615384 3.076924 13.008872 
-4.615384 3.846155 12.802551 
-4.615384 3.076924 13.008872 
-4.615384 3.846155 12.802551 
-3.8461533 3.076924 13.256682 
-3.8461533 3.846155 13.054279 
-3.8461533 3.076924 13.256682 
-3.8461533 3.846155 13.054279 
-3.0769224 3.076924 13.456042 
-3.0769224 3.846155 13.256682 
-3.0769224 3.076924 13.456042 
-3.0769224 3.846155 13.256682 
-2.3076916 3.076924 13.609081 
-2.3076916 3.846155 13.411997 
-2.3076916 3.076924 13.609081 
-2.3076916 3.846155 13.411997 
-1.5384607 3.076924 13.717349 
-1.5384607 3.846155 13.521843 
-1.5384607 3.076924 13.717349 
-1.5384607 3.846155 13.521843 
-0.76922995 3.076924 13.781901 
-0.76922995 3.846155 13.587324 
-0.76922995 3.076924 13.781901 
-0.76922995 3.846155 13.587324 
8.34465E-7 3.076924 13.803352 
8.34465E-7 3.846155 13.609081 
8.34465E-7 3.076924 13.803352 
8.34465E-7 3.846155 13.609081 
0.7692316 3.076924 13.781901 
0.7692316 3.846155 13.587324 
0.7692316 3.076924 13.781901 
0.7692316 3.846155 13.587324 
1.5384624 3.076924 13.717349 
1.5384624 3.846155 13.521843 
1.5384624 3.076924 13.717349 
1.5384624 3.846155 13.521843 
2.3076932 3.076924 13.60908 
2.3076932 3.846155 13.411996 
2.3076932 3.076924 13.60908 
2.3076932 3.846155 13.411996 
3.076924 3.076924 13.456042 
3.076924 3.846155 13.256682 
3.076924 3.076924 13.456042 
3.076924 3.846155 13.256682 
3.846155 3.076924 13.256682 
3.846155 3.846155 13.054278 
3.846155 3.076924 13.256682 
3.846155 3.846155 13.054278 
4.6153855 3.076924 13.008872 
4.6153855 3.846155 12.80255 
4.6153855 3.076924 13.008872 
4.6153855 3.846155 12.80255 
5.3846164 3.076924 12.709777 
5.3846164 3.846155 12.49852 
5.3846164 3.076924 12.709777 
5.3846164 3.846155 12.49852 
6.153847 3.076924 12.355675 
6.153847 3.846155 12.138256 
6.153847 3.076924 12.355675 
6.153847 3.846155 12.138256 
6.923078 3.076924 11.941671 
6.923078 3.846155 11.716573 
6.923078 3.076924 11.941671 
6.923078 3.846155 11.716573 
7.692309 3.076924 11.461279 
7.692309 3.846155 11.226552 
7.692309 3.076924 11.461279 
7.692309 3.846155 11.226552 
8.461539 3.076924 10.905727 
8.461539 3.846155 10.658772 
8.461539 3.076924 10.905727 
8.461539 3.846155 10.658772 
9.23077 3.076924 10.262817 
9.23077 3.846155 9.999999 
9.23077 3.076924 10.262817 
9.23077 3.846155 9.999999 
null
null
-10.0 3.846155 9.230769 
-10.0 4.6153855 8.8712015 
-9.230769 3.846155 10.0 
-9.230769 4.6153855 9.669081 
-9.230769 3.846155 10.0 
-9.230769 4.6153855 9.669081 
-8.461538 3.846155 10.658774 
-8.461538 4.6153855 10.348941 
-8.461538 3.846155 10.658774 
-8.461538 4.6153855 10.348941 
-7.6923075 3.846155 11.226553 
-7.6923075 4.6153855 10.932822 
-7.6923075 3.846155 11.226553 
-7.6923075 4.6153855 10.932822 
-6.9230766 3.846155 11.716574 
-6.9230766 4.6153855 11.435437 
-6.9230766 3.846155 11.716574 
-6.9230766 4.6153855 11.435437 
-6.153846 3.846155 12.138257 
-6.153846 4.6153855 11.867114 
-6.153846 3.846155 12.138257 
-6.153846 4.6153855 11.867114 
-5.384615 3.846155 12.498521 
-5.384615 4.6153855 12.235364 
-5.384615 3.846155 12.498521 
-5.384615 4.6153855 12.235364 
-4.615384 3.846155 12.802551 
-4.615384 4.6153855 12.5457735 
-4.615384 3.846155 12.802551 
-4.615384 4.6153855 12.5457735 
-3.8461533 3.846155 13.054279 
-3.8461533 4.6153855 12.802551 
-3.8461533 3.846155 13.054279 
-3.8461533 4.6153855 12.802551 
-3.0769224 3.846155 13.256682 
-3.0769224 4.6153855 13.008872 
-3.0769224 3.846155 13.256682 
-3.0769224 4.6153855 13.008872 
-2.3076916 3.846155 13.411997 
-2.3076916 4.6153855 13.1671095 
-2.3076916 3.846155 13.411997 
-2.3076916 4.6153855 13.1671095 
-1.5384607 3.846155 13.521843 
-1.5384607 4.6153855 13.278981 
-1.5384607 3.846155 13.521843 
-1.5384607 4.6153855 13.278981 
-0.76922995 3.846155 13.587324 
-0.76922995 4.6153855 13.3456545 
-0.76922995 3.846155 13.587324 
-0.76922995 4.6153855 13.3456545 
8.34465E-7 3.846155 13.609081 
8.34465E-7 4.6153855 13.3678055 
8.34465E-7 3.846155 13.609081 
8.34465E-7 4.6153855 13.3678055 
0.7692316 3.846155 13.587324 
0.7692316 4.6153855 13.3456545 
0.7692316 3.846155 13.587324 
0.7692316 4.6153855 13.3456545 
1.5384624 3.846155 13.521843 
1.5384624 4.6153855 13.278981 
1.5384624 3.846155 13.521843 
1.5384624 4.6153855 13.278981 
2.3076932 3.846155 13.411996 
2.3076932 4.6153855 13.167109 
2.3076932 3.846155 13.411996 
2.3076932 4.6153855 13.167109 
3.076924 3.846155 13.256682 
3.076924 4.6153855 13.008872 
3.076924 3.846155 13.256682 
3.076924 4.6153855 13.008872 
3.846155 3.846155 13.054278 
3.846155 4.6153855 12.80255 
3.846155 3.846155 13.054278 
3.846155 4.6153855 12.80255 
4.6153855 3.846155 12.80255 
4.6153855 4.6153855 12.5457735 
4.6153855 3.846155 12.80255 
4.6153855 4.6153855 12.5457735 
5.3846164 3.846155 12.49852 
5.3846164 4.6153855 12.235363 
5.3846164 3.846155 12.49852 
5.3846164 4.6153855 12.235363 
6.153847 3.846155 12.138256 
6.153847 4.6153855 11.867113 
6.153847 3.846155 12.138256 
6.153847 4.6153855 11.867113 
6.923078 3.846155 11.716573 
6.923078 4.6153855 11.435436 
6.923078 3.846155 11.716573 
6.923078 4.6153855 11.435436 
7.692309 3.846155 11.226552 
7.692309 4.6153855 10.932822 
7.692309 3.846155 11.226552 
7.692309 4.6153855 10.932822 
8.461539 3.846155 10.658772 
8.461539 4.6153855 10.34894 
8.461539 3.846155 10.658772 
8.461539 4.6153855 10.34894 
9.23077 3.846155 9.999999 
9.23077 4.6153855 9.66908 
9.23077 3.846155 9.999999 
9.23077 4.6153855 9.66908 
null
null
-10.0 4.6153855 8.8712015 
-10.0 5.3846164 8.4265 
-9.230769 4.6153855 9.669081 
-9.230769 5.3846164 9.262764 
-9.230769 4.6153855 9.669081 
-9.230769 5.3846164 9.262764 
-8.461538 4.6153855 10.348941 
-8.461538 5.3846164 9.97037 
-8.461538 4.6153855 10.348941 
-8.461538 5.3846164 9.97037 
-7.6923075 4.6153855 10.932822 
-7.6923075 5.3846164 10.575174 
-7.6923075 4.6153855 10.932822 
-7.6923075 5.3846164 10.575174 
-6.9230766 4.6153855 11.435437 
-6.9230766 5.3846164 11.094004 
-6.9230766 4.6153855 11.435437 
-6.9230766 5.3846164 11.094004 
-6.153846 4.6153855 11.867114 
-6.153846 5.3846164 11.538462 
-6.153846 4.6153855 11.867114 
-6.153846 5.3846164 11.538462 
-5.384615 4.6153855 12.235364 
-5.384615 5.3846164 11.916871 
-5.384615 4.6153855 12.235364 
-5.384615 5.3846164 11.916871 
-4.615384 4.6153855 12.5457735 
-4.615384 5.3846164 12.235364 
-4.615384 4.6153855 12.5457735 
-4.615384 5.3846164 12.235364 
-3.8461533 4.6153855 12.802551 
-3.8461533 5.3846164 12.498521 
-3.8461533 4.6153855 12.802551 
-3.8461533 5.3846164 12.498521 
-3.0769224 4.6153855 13.008872 
-3.0769224 5.3846164 12.709778 
-3.0769224 4.6153855 13.008872 
-3.0769224 5.3846164 12.709778 
-2.3076916 4.6153855 13.1671095 
-2.3076916 5.3846164 12.871693 
-2.3076916 4.6153855 13.1671095 
-2.3076916 5.3846164 12.871693 
-1.5384607 4.6153855 13.278981 
-1.5384607 5.3846164 12.98611 
-1.5384607 4.6153855 13.278981 
-1.5384607 5.3846164 12.98611 
-0.76922995 4.6153855 13.3456545 
-0.76922995 5.3846164 13.054278 
-0.76922995 4.6153855 13.3456545 
-0.76922995 5.3846164 13.054278 
8.34465E-7 4.6153855 13.3678055 
8.34465E-7 5.3846164 13.076922 
8.34465E-7 4.6153855 13.3678055 
8.34465E-7 5.3846164 13.076922 
0.7692316 4.6153855 13.3456545 
0.7692316 5.3846164 13.054278 
0.7692316 4.6153855 13.3456545 
0.7692316 5.3846164 13.054278 
1.5384624 4.6153855 13.278981 
1.5384624 5.3846164 12.98611 
1.5384624 4.6153855 13.278981 
1.5384624 5.3846164 12.98611 
2.3076932 4.6153855 13.167109 
2.3076932 5.3846164 12.871692 
2.3076932 4.6153855 13.167109 
2.3076932 5.3846164 12.871692 
3.076924 4.6153855 13.008872 
3.076924 5.3846164 12.709777 
3.076924 4.6153855 13.008872 
3.076924 5.3846164 12.709777 
3.846155 4.6153855 12.80255 
3.846155 5.3846164 12.49852 
3.846155 4.6153855 12.80255 
3.846155 5.3846164 12.49852 
4.6153855 4.6153855 12.5457735 
4.6153855 5.3846164 12.235363 
4.6153855 4.6153855 12.5457735 
4.6153855 5.3846164 12.235363 
5.3846164 4.6153855 12.235363 
5.3846164 5.3846164 11.916871 
5.3846164 4.6153855 12.235363 
5.3846164 5.3846164 11.916871 
6.153847 4.6153855 11.867113 
6.153847 5.3846164 11.53846 
6.153847 4.6153855 11.867113 
6.153847 5.3846164 11.53846 
6.923078 4.6153855 11.435436 
6.923078 5.3846164 11.094003 
6.923078 4.6153855 11.435436 
6.923078 5.3846164 11.094003 
7.692309 4.6153855 10.932822 
7.692309 5.3846164 10.575173 
7.692309 4.6153855 10.932822 
7.692309 5.3846164 10.575173 
8.461539 4.6153855 10.34894 
8.461539 5.3846164 9.970368 
8.461539 4.6153855 10.34894 
8.461539 5.3846164 9.970368 
9.23077 4.6153855 9.66908 
9.23077 5.3846164 9.262764 
9.23077 4.6153855 9.66908 
9.23077 5.3846164 9.262764 
null
null
-10.0 5.3846164 8.4265 
-10.0 6.153847 7.882269 
-9.230769 5.3846164 9.262764 
-9.230769 6.153847 8.770579 
-9.230769 5.3846164 9.262764 
-9.230769 6.153847 8.770579 
-8.461538 5.3846164 9.97037 
-8.461538 6.153847 9.514859 
-8.461538 5.3846164 9.97037 
-8.461538 6.153847 9.514859 
-7.6923075 5.3846164 10.575174 
-7.6923075 6.153847 10.14685 
-7.6923075 5.3846164 10.575174 
-7.6923075 6.153847 10.14685 
-6.9230766 5.3846164 11.094004 
-6.9230766 6.153847 10.686495 
-6.9230766 5.3846164 11.094004 
-6.9230766 6.153847 10.686495 
-6.153846 5.3846164 11.538462 
-6.153846 6.153847 11.147213 
-6.153846 5.3846164 11.538462 
-6.153846 6.153847 11.147213 
-5.384615 5.3846164 11.916871 
-5.384615 6.153847 11.538461 
-5.384615 5.3846164 11.916871 
-5.384615 6.153847 11.538461 
-4.615384 5.3846164 12.235364 
-4.615384 6.153847 11.867114 
-4.615384 5.3846164 12.235364 
-4.615384 6.153847 11.867114 
-3.8461533 5.3846164 12.498521 
-3.8461533 6.153847 12.138257 
-3.8461533 5.3846164 12.498521 
-3.8461533 6.153847 12.138257 
-3.0769224 5.3846164 12.709778 
-3.0769224 6.153847 12.355676 
-3.0769224 5.3846164 12.709778 
-3.0769224 6.153847 12.355676 
-2.3076916 5.3846164 12.871693 
-2.3076916 6.153847 12.522169 
-2.3076916 5.3846164 12.871693 
-2.3076916 6.153847 12.522169 
-1.5384607 5.3846164 12.98611 
-1.5384607 6.153847 12.639751 
-1.5384607 5.3846164 12.98611 
-1.5384607 6.153847 12.639751 
-0.76922995 5.3846164 13.054278 
-0.76922995 6.153847 12.709778 
-0.76922995 5.3846164 13.054278 
-0.76922995 6.153847 12.709778 
8.34465E-7 5.3846164 13.076922 
8.34465E-7 6.153847 12.733034 
8.34465E-7 5.3846164 13.076922 
8.34465E-7 6.153847 12.733034 
0.7692316 5.3846164 13.054278 
0.7692316 6.153847 12.709778 
0.7692316 5.3846164 13.054278 
0.7692316 6.153847 12.709778 
1.5384624 5.3846164 12.98611 
1.5384624 6.153847 12.639751 
1.5384624 5.3846164 12.98611 
1.5384624 6.153847 12.639751 
2.3076932 5.3846164 12.871692 
2.3076932 6.153847 12.522169 
2.3076932 5.3846164 12.871692 
2.3076932 6.153847 12.522169 
3.076924 5.3846164 12.709777 
3.076924 6.153847 12.355675 
3.076924 5.3846164 12.709777 
3.076924 6.153847 12.355675 
3.846155 5.3846164 12.49852 
3.846155 6.153847 12.138256 
3.846155 5.3846164 12.49852 
3.846155 6.153847 12.138256 
4.6153855 5.3846164 12.235363 
4.6153855 6.153847 11.867113 
4.6153855 5.3846164 12.235363 
4.6153855 6.153847 11.867113 
5.3846164 5.3846164 11.916871 
5.3846164 6.153847 11.538461 
5.3846164 5.3846164 11.916871 
5.3846164 6.153847 11.538461 
6.153847 5.3846164 11.53846 
6.153847 6.153847 11.147211 
6.153847 5.3846164 11.53846 
6.153847 6.153847 11.147211 
6.923078 5.3846164 11.094003 
6.923078 6.153847 10.686494 
6.923078 5.3846164 11.094003 
6.923078 6.153847 10.686494 
7.692309 5.3846164 10.575173 
7.692309 6.153847 10.14685 
7.692309 5.3846164 10.575173 
7.692309 6.153847 10.14685 
8.461539 5.3846164 9.970368 
8.461539 6.153847 9.514857 
8.461539 5.3846164 9.970368 
8.461539 6.153847 9.514857 
9.23077 5.3846164 9.262764 
9.23077 6.153847 8.770578 
9.23077 5.3846164 9.262764 
9.23077 6.153847 8.770578 
null
null
-10.0 6.153847 7.882269 
-10.0 6.923078 7.2160234 
-9.230769 6.153847 8.770579 
-9.230769 6.923078 8.177034 
-9.230769 6.153847 8.770579 
-9.230769 6.923078 8.177034 
-8.461538 6.153847 9.514859 
-8.461538 6.923078 8.970695 
-8.461538 6.153847 9.514859 
-8.461538 6.923078 8.970695 
-7.6923075 6.153847 10.14685 
-7.6923075 6.923078 9.638433 
-7.6923075 6.153847 10.14685 
-7.6923075 6.923078 9.638433 
-6.9230766 6.153847 10.686495 
-6.9230766 6.923078 10.204999 
-6.9230766 6.153847 10.686495 
-6.9230766 6.923078 10.204999 
-6.153846 6.153847 11.147213 
-6.153846 6.923078 10.686495 
-6.153846 6.153847 11.147213 
-6.153846 6.923078 10.686495 
-5.384615 6.153847 11.538461 
-5.384615 6.923078 11.094004 
-5.384615 6.153847 11.538461 
-5.384615 6.923078 11.094004 
-4.615384 6.153847 11.867114 
-4.615384 6.923078 11.435437 
-4.615384 6.153847 11.867114 
-4.615384 6.923078 11.435437 
-3.8461533 6.153847 12.138257 
-3.8461533 6.923078 11.716574 
-3.8461533 6.153847 12.138257 
-3.8461533 6.923078 11.716574 
-3.0769224 6.153847 12.355676 
-3.0769224 6.923078 11.941672 
-3.0769224 6.153847 12.355676 
-3.0769224 6.923078 11.941672 
-2.3076916 6.153847 12.522169 
-2.3076916 6.923078 12.113857 
-2.3076916 6.153847 12.522169 
-2.3076916 6.923078 12.113857 
-1.5384607 6.153847 12.639751 
-1.5384607 6.923078 12.235364 
-1.5384607 6.153847 12.639751 
-1.5384607 6.923078 12.235364 
-0.76922995 6.153847 12.709778 
-0.76922995 6.923078 12.307692 
-0.76922995 6.153847 12.709778 
-0.76922995 6.923078 12.307692 
8.34465E-7 6.153847 12.733034 
8.34465E-7 6.923078 12.331706 
8.34465E-7 6.153847 12.733034 
8.34465E-7 6.923078 12.331706 
0.7692316 6.153847 12.709778 
0.7692316 6.923078 12.307692 
0.7692316 6.153847 12.709778 
0.7692316 6.923078 12.307692 
1.5384624 6.153847 12.639751 
1.5384624 6.923078 12.235364 
1.5384624 6.153847 12.639751 
1.5384624 6.923078 12.235364 
2.3076932 6.153847 12.522169 
2.3076932 6.923078 12.113857 
2.3076932 6.153847 12.522169 
2.3076932 6.923078 12.113857 
3.076924 6.153847 12.355675 
3.076924 6.923078 11.941671 
3.076924 6.153847 12.355675 
3.076924 6.923078 11.941671 
3.846155 6.153847 12.138256 
3.846155 6.923078 11.716573 
3.846155 6.153847 12.138256 
3.846155 6.923078 11.716573 
4.6153855 6.153847 11.867113 
4.6153855 6.923078 11.435436 
4.6153855 6.153847 11.867113 
4.6153855 6.923078 11.435436 
5.3846164 6.153847 11.538461 
5.3846164 6.923078 11.094003 
5.3846164 6.153847 11.538461 
5.3846164 6.923078 11.094003 
6.153847 6.153847 11.147211 
6.153847 6.923078 10.686494 
6.153847 6.153847 11.147211 
6.153847 6.923078 10.686494 
6.923078 6.153847 10.686494 
6.923078 6.923078 10.204998 
6.923078 6.153847 10.686494 
6.923078 6.923078 10.204998 
7.692309 6.153847 10.14685 
7.692309 6.923078 9.6384325 
7.692309 6.153847 10.14685 
7.692309 6.923078 9.6384325 
8.461539 6.153847 9.514857 
8.461539 6.923078 8.970694 
8.461539 6.153847 9.514857 
8.461539 6.923078 8.970694 
9.23077 6.153847 8.770578 
9.23077 6.923078 8.177033 
9.23077 6.153847 8.770578 
9.23077 6.923078 8.177033 
null
null
-10.0 6.923078 7.2160234 
-10.0 7.692309 6.3897095 
-9.230769 6.923078 8.177034 
-9.230769 7.692309 7.4579678 
-9.230769 6.923078 8.177034 
-9.230769 7.692309 7.4579678 
-8.461538 6.923078 8.970695 
-8.461538 7.692309 8.320502 
-8.461538 6.923078 8.970695 
-8.461538 7.692309 8.320502 
-7.6923075 6.923078 9.638433 
-7.6923075 7.692309 9.036414 
-7.6923075 6.923078 9.638433 
-7.6923075 7.692309 9.036414 
-6.9230766 6.923078 10.204999 
-6.9230766 7.692309 9.638433 
-6.9230766 6.923078 10.204999 
-6.9230766 7.692309 9.638433 
-6.153846 6.923078 10.686495 
-6.153846 7.692309 10.146851 
-6.153846 6.923078 10.686495 
-6.153846 7.692309 10.146851 
-5.384615 6.923078 11.094004 
-5.384615 7.692309 10.575174 
-5.384615 6.923078 11.094004 
-5.384615 7.692309 10.575174 
-4.615384 6.923078 11.435437 
-4.615384 7.692309 10.932822 
-4.615384 6.923078 11.435437 
-4.615384 7.692309 10.932822 
-3.8461533 6.923078 11.716574 
-3.8461533 7.692309 11.226553 
-3.8461533 6.923078 11.716574 
-3.8461533 7.692309 11.226553 
-3.0769224 6.923078 11.941672 
-3.0769224 7.692309 11.46128 
-3.0769224 6.923078 11.941672 
-3.0769224 7.692309 11.46128 
-2.3076916 6.923078 12.113857 
-2.3076916 7.692309 11.6405735 
-2.3076916 6.923078 12.113857 
-2.3076916 7.692309 11.6405735 
-1.5384607 6.923078 12.235364 
-1.5384607 7.692309 11.766967 
-1.5384607 6.923078 12.235364 
-1.5384607 7.692309 11.766967 
-0.76922995 6.923078 12.307692 
-0.76922995 7.692309 11.842156 
-0.76922995 6.923078 12.307692 
-0.76922995 7.692309 11.842156 
8.34465E-7 6.923078 12.331706 
8.34465E-7 7.692309 11.867113 
8.34465E-7 6.923078 12.331706 
8.34465E-7 7.692309 11.867113 
0.7692316 6.923078 12.307692 
0.7692316 7.692309 11.842156 
0.7692316 6.923078 12.307692 
0.7692316 7.692309 11.842156 
1.5384624 6.923078 12.235364 
1.5384624 7.692309 11.766967 
1.5384624 6.923078 12.235364 
1.5384624 7.692309 11.766967 
2.3076932 6.923078 12.113857 
2.3076932 7.692309 11.640573 
2.3076932 6.923078 12.113857 
2.3076932 7.692309 11.640573 
3.076924 6.923078 11.941671 
3.076924 7.692309 11.461279 
3.076924 6.923078 11.941671 
3.076924 7.692309 11.461279 
3.846155 6.923078 11.716573 
3.846155 7.692309 11.226552 
3.846155 6.923078 11.716573 
3.846155 7.692309 11.226552 
4.6153855 6.923078 11.435436 
4.6153855 7.692309 10.932822 
4.6153855 6.923078 11.435436 
4.6153855 7.692309 10.932822 
5.3846164 6.923078 11.094003 
5.3846164 7.692309 10.575173 
5.3846164 6.923078 11.094003 
5.3846164 7.692309 10.575173 
6.153847 6.923078 10.686494 
6.153847 7.692309 10.146849 
6.153847 6.923078 10.686494 
6.153847 7.692309 10.146849 
6.923078 6.923078 10.204998 
6.923078 7.692309 9.638432 
6.923078 6.923078 10.204998 
6.923078 7.692309 9.638432 
7.692309 6.923078 9.6384325 
7.692309 7.692309 9.036413 
7.692309 6.923078 9.6384325 
7.692309 7.692309 9.036413 
8.461539 6.923078 8.970694 
8.461539 7.692309 8.3205 
8.461539 6.923078 8.970694 
8.461539 7.692309 8.3205 
9.23077 6.923078 8.177033 
9.23077 7.692309 7.457967 
9.23077 6.923078 8.177033 
9.23077 7.692309 7.457967 
null
null
-10.0 7.692309 6.3897095 
-10.0 8.461539 5.3293858 
-9.230769 7.692309 7.4579678 
-9.230769 8.461539 6.5723095 
-9.230769 7.692309 7.4579678 
-9.230769 8.461539 6.5723095 
-8.461538 7.692309 8.320502 
-8.461538 8.461539 7.536891 
-8.461538 7.692309 8.320502 
-8.461538 8.461539 7.536891 
-7.6923075 7.692309 9.036414 
-7.6923075 8.461539 8.320502 
-7.6923075 7.692309 9.036414 
-7.6923075 8.461539 8.320502 
-6.9230766 7.692309 9.638433 
-6.9230766 8.461539 8.970695 
-6.9230766 7.692309 9.638433 
-6.9230766 8.461539 8.970695 
-6.153846 7.692309 10.146851 
-6.153846 8.461539 9.514859 
-6.153846 7.692309 10.146851 
-6.153846 8.461539 9.514859 
-5.384615 7.692309 10.575174 
-5.384615 8.461539 9.970369 
-5.384615 7.692309 10.575174 
-5.384615 8.461539 9.970369 
-4.615384 7.692309 10.932822 
-4.615384 8.461539 10.348941 
-4.615384 7.692309 10.932822 
-4.615384 8.461539 10.348941 
-3.8461533 7.692309 11.226553 
-3.8461533 8.461539 10.658773 
-3.8461533 7.692309 11.226553 
-3.8461533 8.461539 10.658773 
-3.0769224 7.692309 11.46128 
-3.0769224 8.461539 10.905727 
-3.0769224 7.692309 11.46128 
-3.0769224 8.461539 10.905727 
-2.3076916 7.692309 11.6405735 
-2.3076916 8.461539 11.094004 
-2.3076916 7.692309 11.6405735 
-2.3076916 8.461539 11.094004 
-1.5384607 7.692309 11.766967 
-1.5384607 8.461539 11.226553 
-1.5384607 7.692309 11.766967 
-1.5384607 8.461539 11.226553 
-0.76922995 7.692309 11.842156 
-0.76922995 8.461539 11.305336 
-0.76922995 7.692309 11.842156 
-0.76922995 8.461539 11.305336 
8.34465E-7 7.692309 11.867113 
8.34465E-7 8.461539 11.331476 
8.34465E-7 7.692309 11.867113 
8.34465E-7 8.461539 11.331476 
0.7692316 7.692309 11.842156 
0.7692316 8.461539 11.305336 
0.7692316 7.692309 11.842156 
0.7692316 8.461539 11.305336 
1.5384624 7.692309 11.766967 
1.5384624 8.461539 11.226553 
1.5384624 7.692309 11.766967 
1.5384624 8.461539 11.226553 
2.3076932 7.692309 11.640573 
2.3076932 8.461539 11.094003 
2.3076932 7.692309 11.640573 
2.3076932 8.461539 11.094003 
3.076924 7.692309 11.461279 
3.076924 8.461539 10.905727 
3.076924 7.692309 11.461279 
3.076924 8.461539 10.905727 
3.846155 7.692309 11.226552 
3.846155 8.461539 10.658773 
3.846155 7.692309 11.226552 
3.846155 8.461539 10.658773 
4.6153855 7.692309 10.932822 
4.6153855 8.461539 10.34894 
4.6153855 7.692309 10.932822 
4.6153855 8.461539 10.34894 
5.3846164 7.692309 10.575173 
5.3846164 8.461539 9.970369 
5.3846164 7.692309 10.575173 
5.3846164 8.461539 9.970369 
6.153847 7.692309 10.146849 
6.153847 8.461539 9.514857 
6.153847 7.692309 10.146849 
6.153847 8.461539 9.514857 
6.923078 7.692309 9.638432 
6.923078 8.461539 8.970694 
6.923078 7.692309 9.638432 
6.923078 8.461539 8.970694 
7.692309 7.692309 9.036413 
7.692309 8.461539 8.320501 
7.692309 7.692309 9.036413 
7.692309 8.461539 8.320501 
8.461539 7.692309 8.3205 
8.461539 8.461539 7.536889 
8.461539 7.692309 8.3205 
8.461539 8.461539 7.536889 
9.23077 7.692309 7.457967 
9.23077 8.461539 6.572308 
9.23077 7.692309 7.457967 
9.23077 8.461539 6.572308 
null
null
-10.0 8.461539 5.3293858 
-10.0 9.23077 3.846152 
-9.230769 8.461539 6.5723095 
-9.230769 9.23077 5.4392815 
-9.230769 8.461539 6.5723095 
-9.230769 9.23077 5.4392815 
-8.461538 8.461539 7.536891 
-8.461538 9.23077 6.57231 
-8.461538 8.461539 7.536891 
-8.461538 9.23077 6.57231 
-7.6923075 8.461539 8.320502 
-7.6923075 9.23077 7.4579678 
-7.6923075 8.461539 8.320502 
-7.6923075 9.23077 7.4579678 
-6.9230766 8.461539 8.970695 
-6.9230766 9.23077 8.177035 
-6.9230766 8.461539 8.970695 
-6.9230766 9.23077 8.177035 
-6.153846 8.461539 9.514859 
-6.153846 9.23077 8.77058 
-6.153846 8.461539 9.514859 
-6.153846 9.23077 8.77058 
-5.384615 8.461539 9.970369 
-5.384615 9.23077 9.262764 
-5.384615 8.461539 9.970369 
-5.384615 9.23077 9.262764 
-4.615384 8.461539 10.348941 
-4.615384 9.23077 9.66908 
-4.615384 8.461539 10.348941 
-4.615384 9.23077 9.66908 
-3.8461533 8.461539 10.658773 
-3.8461533 9.23077 10.0 
-3.8461533 8.461539 10.658773 
-3.8461533 9.23077 10.0 
-3.0769224 8.461539 10.905727 
-3.0769224 9.23077 10.262818 
-3.0769224 8.461539 10.905727 
-3.0769224 9.23077 10.262818 
-2.3076916 8.461539 11.094004 
-2.3076916 9.23077 10.462669 
-2.3076916 8.461539 11.094004 
-2.3076916 9.23077 10.462669 
-1.5384607 8.461539 11.226553 
-1.5384607 9.23077 10.603113 
-1.5384607 8.461539 11.226553 
-1.5384607 9.23077 10.603113 
-0.76922995 8.461539 11.305336 
-0.76922995 9.23077 10.686495 
-0.76922995 8.461539 11.305336 
-0.76922995 9.23077 10.686495 
8.34465E-7 8.461539 11.331476 
8.34465E-7 9.23077 10.714144 
8.34465E-7 8.461539 11.331476 
8.34465E-7 9.23077 10.714144 
0.7692316 8.461539 11.305336 
0.7692316 9.23077 10.686495 
0.7692316 8.461539 11.305336 
0.7692316 9.23077 10.686495 
1.5384624 8.461539 11.226553 
1.5384624 9.23077 10.603113 
1.5384624 8.461539 11.226553 
1.5384624 9.23077 10.603113 
2.3076932 8.461539 11.094003 
2.3076932 9.23077 10.462668 
2.3076932 8.461539 11.094003 
2.3076932 9.23077 10.462668 
3.076924 8.461539 10.905727 
3.076924 9.23077 10.262817 
3.076924 8.461539 10.905727 
3.076924 9.23077 10.262817 
3.846155 8.461539 10.658773 
3.846155 9.23077 9.999999 
3.846155 8.461539 10.658773 
3.846155 9.23077 9.999999 
4.6153855 8.461539 10.34894 
4.6153855 9.23077 9.66908 
4.6153855 8.461539 10.34894 
4.6153855 9.23077 9.66908 
5.3846164 8.461539 9.970369 
5.3846164 9.23077 9.262764 
5.3846164 8.461539 9.970369 
5.3846164 9.23077 9.262764 
6.153847 8.461539 9.514857 
6.153847 9.23077 8.770578 
6.153847 8.461539 9.514857 
6.153847 9.23077 8.770578 
6.923078 8.461539 8.970694 
6.923078 9.23077 8.177033 
6.923078 8.461539 8.970694 
6.923078 9.23077 8.177033 
7.692309 8.461539 8.320501 
7.692309 9.23077 7.457967 
7.692309 8.461539 8.320501 
7.692309 9.23077 7.457967 
8.461539 8.461539 7.536889 
8.461539 9.23077 6.5723076 
8.461539 8.461539 7.536889 
8.461539 9.23077 6.5723076 
9.23077 8.461539 6.572308 
9.23077 9.23077 5.43928 
9.23077 8.461539 6.572308 
9.23077 9.23077 5.43928 
null
null
-10.0 9.23077 3.846152 
null
-9.230769 9.23077 5.4392815 
null
-9.230769 9.23077 5.4392815 
null
-8.461538 9.23077 6.57231 
null
-8.461538 9.23077 6.57231 
null
-7.6923075 9.23077 7.4579678 
null
-7.6923075 9.23077 7.4579678 
null
-6.9230766 9.23077 8.177035 
null
-6.9230766 9.23077 8.177035 
null
-6.153846 9.23077 8.77058 
null
-6.153846 9.23077 8.77058 
null
-5.384615 9.23077 9.262764 
null
-5.384615 9.23077 9.262764 
null
-4.615384 9.23077 9.66908 
null
-4.615384 9.23077 9.66908 
null
-3.8461533 9.23077 10.0 
null
-3.8461533 9.23077 10.0 
null
-3.0769224 9.23077 10.262818 
null
-3.0769224 9.23077 10.262818 
null
-2.3076916 9.23077 10.462669 
null
-2.3076916 9.23077 10.462669 
null
-1.5384607 9.23077 10.603113 
null
-1.5384607 9.23077 10.603113 
null
-0.76922995 9.23077 10.686495 
null
-0.76922995 9.23077 10.686495 
null
8.34465E-7 9.23077 10.714144 
null
8.34465E-7 9.23077 10.714144 
null
0.7692316 9.23077 10.686495 
null
0.7692316 9.23077 10.686495 
null
1.5384624 9.23077 10.603113 
null
1.5384624 9.23077 10.603113 
null
2.3076932 9.23077 10.462668 
null
2.3076932 9.23077 10.462668 
null
3.076924 9.23077 10.262817 
null
3.076924 9.23077 10.262817 
null
3.846155 9.23077 9.999999 
null
3.846155 9.23077 9.999999 
null
4.6153855 9.23077 9.66908 
null
4.6153855 9.23077 9.66908 
null
5.3846164 9.23077 9.262764 
null
5.3846164 9.23077 9.262764 
null
6.153847 9.23077 8.770578 
null
6.153847 9.23077 8.770578 
null
6.923078 9.23077 8.177033 
null
6.923078 9.23077 8.177033 
null
7.692309 9.23077 7.457967 
null
7.692309 9.23077 7.457967 
null
8.461539 9.23077 6.5723076 
null
8.461539 9.23077 6.5723076 
null
9.23077 9.23077 5.43928 
null
9.23077 9.23077 5.43928 
null
null
null
